-4.38585
-5.16256
-5.40374
-5.33589
-5.53446
-5.62361
-4.08341
-4.04547
-5.53461
-5.68297
-5.68771
-5.55952
-5.30955
-4.68048
-3.92561
-5.47514
-5.07597
-5.20983
-6.01486
-5.21729
-5.81857
-5.27022
-3.73658
-3.54402
-5.50885
-5.88800
-4.93991
-5.33983
-5.44330
-3.79840
-5.39405
-4.92552
-5.43951
-5.43276
-3.60119
-4.95423
-4.22283
-4.52583
-4.21167
-4.11938
-4.60941
-3.56868
-4.29471
-3.58881
-4.30400
-5.76104
-3.70190
-4.16821
-3.23536
-4.61133
-5.78420
-4.42181
-4.28292
-4.54276
-3.46945
-4.26030
-4.66937
-4.59659
-4.61313
-4.36895
-4.95976
-5.29990
-3.25229
-4.56919
-4.22012
-5.28876
-5.14903
-4.01395
-4.99721
-4.20024
-4.55405
-4.54439
-5.99811
-4.37372
-4.84075
-3.63759
-5.43479
-3.74278
-4.34698
-4.29741
-4.70539
-4.84588
-3.65997
-5.73521
-3.30540
-5.12050
-4.71894
-3.71070
-4.79608
-4.97184
-3.54469
-3.28923
-4.79820
-4.18093
-4.64847
-4.83834
-3.77993
-3.79370
-4.37867
-5.01287
-4.60264
-3.63954
-5.36541
-2.87756
-4.51940
-4.41008
-4.57997
-3.97816
-5.11271
-5.04384
-4.97248
-2.70982
-4.00859
-4.10073
-3.12057
-5.17791
-4.78371
-5.79136
-3.75431
-2.95266
-4.39662
-4.72228
-4.01416
-4.68423
-4.18576
-4.55790
-3.44458
-3.99795
-5.05081
-5.31602
-5.33149
-4.66640
-5.01025
-4.71743
-3.89812
-4.70805
-3.60155
-4.53254
-4.48354
-4.04374
-4.75202
-4.63144
-4.94272
-4.79960
-4.96993
-4.44910
-4.81065
-4.09700
-4.28836
-4.21602
-4.03328
-4.69635
-4.91865
-5.39607
-4.44670
-3.21560
-4.75182
-4.20872
-4.21951
-4.32549
-5.18408
-3.96318
-2.85546
-4.46362
-5.67873
-3.50958
-4.27218
-5.30368
-4.25530
-4.90253
-5.26388
-4.92539
-5.38867
-4.61876
-4.31983
-4.95046
-5.45881
-4.98921
-4.09269
-4.62615
-4.39256
-4.52793
-4.88435
-4.36394
-4.32129
-3.71979
-5.99731
-4.25562
-4.74275
-2.86706
-3.77627
-3.91656
-4.13141
-3.86604
-5.24778
-4.53330
-4.36525
-4.31302
-4.15042
-3.83882
-4.73379
-4.08357
-3.43165
-5.53100
-2.90512
-4.86479
-5.54210
-3.85471
-3.49737
-4.66858
-3.69047
-5.22931
-4.82826
-4.94134
-5.27675
-4.43128
-4.02480
-4.55354
-4.95162
-4.78696
-3.38153
-4.88140
-4.50300
-3.81832
-4.57283
-4.18299
-4.54123
-5.20348
-4.34736
-3.63898
-4.41148
-4.80183
-4.27275
-5.08006
-4.75948
-5.17780
-3.28915
-4.58538
-4.41968
-5.22288
-5.10474
-4.74631
-3.79593
-4.49980
-5.70334
-5.05112
-3.56517
-5.21282
-5.12956
-4.67159
-4.62890
-3.54664
-4.59146
-5.21857
-3.62442
-4.64358
-3.31039
-5.57814
-4.90692
-3.86339
-4.26333
-3.93842
-4.44492
-4.65849
-3.72058
-4.38074
-4.55681
-5.04764
-4.35661
-3.77504
-4.64137
-4.67807
-4.20566
-4.60406
-5.70743
-5.00773
-5.06944
-6.06414
-5.11112
-4.16613
-4.86508
-5.07466
-3.69930
-4.54353
-3.76621
-4.48244
-5.48329
-4.67560
-4.21115
-3.74614
-5.71193
-5.05593
-4.82339
-5.18733
-3.86843
-4.94851
-4.42965
-4.26746
-5.27626
-4.11772
-4.42744
-4.32736
-4.97415
-5.06790
-5.08993
-5.32939
-5.00115
-4.75668
-4.79321
-4.78171
-4.00447
-5.03229
-4.25677
-4.03051
-4.67265
-5.43755
-4.03061
-3.73417
-4.89799
-4.91835
-4.34634
-4.73726
-5.16166
-5.51897
-4.32598
-4.31014
-4.22861
-4.68076
-3.94448
-4.41381
-4.06551
-3.97871
-4.39958
-5.36477
-5.65697
-4.73203
-5.42097
-4.91968
-5.41885
-3.64480
-3.57134
-5.28538
-3.82515
-5.55653
-4.66435
-4.37878
-4.76402
-3.65071
-2.61479
-4.54338
-5.51215
-3.61173
-2.87066
-2.82390
-4.26120
-3.65195
-4.59842
-3.38010
-5.06770
-3.15413
-4.29576
-3.31802
-4.39766
-5.01961
-4.99729
-5.63847
-4.11302
-3.98979
-5.00839
-3.40059
-2.84743
-4.41072
-4.96468
-5.52189
-4.79922
-4.46696
-4.55285
-4.63860
-4.74893
-4.10417
-4.77322
-4.43319
-4.57835
-5.49048
-5.09562
-3.84815
-4.76638
-3.93933
-4.40836
-4.61173
-4.78384
-5.21442
-4.90344
-5.25724
-3.94433
-4.75116
-6.05576
-5.19057
-4.42908
-4.53690
-3.97418
-4.59665
-4.66592
-4.80539
-3.32362
-4.56073
-4.76701
-4.38573
-3.63452
-3.67497
-3.92128
-4.89040
-3.80717
-4.54038
-5.09027
-4.40350
-4.30926
-4.74986
-5.38093
-4.36958
-4.97955
-4.33696
-3.96814
-4.70398
-3.91159
-4.82420
-4.55154
-2.91523
-5.42389
-5.30656
-4.33390
-3.41096
-5.46372
-4.80930
-2.98303
-5.14220
-3.72587
-5.05174
-3.28274
-4.23066
-5.04116
-4.66481
-4.69697
-3.60822
-4.04106
-5.37859
-4.55540
-4.32853
-4.72399
-5.03052
-4.95442
-3.44954
-4.83212
-4.61438
-3.92500
-4.00080
-4.97177
-3.26624
-4.49679
-3.46221
-4.57331
-5.09975
-4.83474
-3.93127
-5.08714
-3.42771
-3.47329
-4.51865
-5.57525
-4.11819
-4.09820
-4.12631
-3.85204
-5.00666
-3.66810
-4.06286
-5.11918
-4.91603
-3.93953
-3.81255
-4.42875
-3.96413
-4.25186
-4.68302
-5.68176
-4.90155
-2.92155
-4.18668
-4.21919
-4.58931
-4.88271
-4.06268
-4.49479
-4.69929
-4.41725
-2.73755
-5.34346
-4.09255
-4.20237
-4.83141
-4.75778
-4.87419
-4.83662
-4.44241
-3.48257
-4.94904
-4.78817
-4.68287
-3.06322
-3.72458
-3.61419
-4.49014
-4.58280
-4.58104
-4.07976
-4.93388
-3.48493
-3.16961
-3.02623
-4.52444
-3.97916
-4.90764
-5.30798
-5.21739
-5.09834
-4.73599
-4.51170
-5.64655
-4.94175
-4.99872
-4.65833
-4.54649
-4.64586
-5.00163
-4.82945
-3.43843
-2.89304
-3.71366
-4.76215
-4.75587
-4.43445
-4.11009
-4.64344
-4.53968
-4.76664
-5.30154
-4.58238
-4.92982
-4.86656
-4.47456
-5.19633
-4.60433
-3.26475
-4.67590
-4.48575
-4.48562
-4.78441
-4.58936
-3.15612
-3.85042
-5.33160
-5.27929
-4.68872
-3.30628
-5.17231
-3.59768
-5.31045
-4.08060
-3.28027
-4.55629
-4.45906
-5.55831
-4.16987
-4.11263
-4.69286
-5.19390
-4.85584
-5.07840
-4.89596
-2.78065
-4.74287
-5.03557
-5.09140
-3.92406
-4.54746
-4.54920
-4.73906
-4.04038
-4.75186
-4.96132
-4.15031
-5.14192
-5.28501
-4.47016
-5.02500
-4.62264
-5.81849
-5.12020
-4.71261
-5.48770
-4.62243
-4.93195
-5.42469
-4.54034
-5.11677
-4.46199
-4.60244
-4.85791
-3.88480
-2.88717
-4.35044
-3.92778
-5.86761
-4.28570
-4.31009
-4.46390
-5.48463
-4.40117
-4.79000
-5.10515
-5.38847
-5.39385
-3.92198
-4.35819
-3.34220
-4.96842
-4.72461
-5.27185
-5.01680
-4.18572
-4.68532
-4.74763
-4.44414
-3.98162
-3.03840
-3.96972
-4.18720
-3.52835
-3.72966
-5.09169
-5.46689
-3.43990
-4.26233
-4.47017
-4.73831
-4.02082
-4.90929
-4.76607
-4.64682
-5.14270
-4.91955
-4.32299
-5.46003
-5.24974
-5.11147
-4.39243
-4.35217
-4.62524
-3.77876
-6.20697
-4.74052
-5.27871
-4.65669
-4.56606
-4.85646
-4.22226
-3.86498
-5.03479
-5.05647
-4.25820
-4.57465
-4.64552
-4.45828
-4.71078
-4.95856
-5.24616
-5.66643
-4.99620
-5.28950
-3.75232
-4.44034
-4.89694
-5.68467
-4.35795
-5.21549
-4.68975
-5.07153
-3.95270
-5.52071
-5.19982
-5.11360
-5.37795
-5.42658
-4.51746
-3.52377
-3.77443
-3.52947
-5.34767
-4.67005
-4.62401
-4.79797
-5.17257
-4.99802
-4.32894
-4.43629
-4.75632
-4.72993
-4.37285
-4.27632
-4.01893
-4.11340
-4.26154
-4.02676
-3.64137
-4.08654
-3.92671
-5.01124
-4.70852
-4.75129
-4.50097
-4.75387
-4.82439
-3.77419
-3.05935
-2.92545
-5.26543
-4.07673
-4.42606
-4.39485
-3.30377
-4.44194
-4.77239
-5.43737
-4.20360
-3.63379
-4.41287
-4.65482
-5.05716
-4.26609
-4.63486
-3.83872
-4.68856
-4.19188
-3.41988
-4.63265
-4.43381
-5.05116
-3.70930
-3.88803
-4.26428
-3.65175
-3.89637
-3.78221
-4.59416
-4.47887
-5.27230
-4.78760
-4.83386
-4.53892
-4.75352
-4.40589
-4.87180
-3.60011
-4.11056
-4.31094
-5.33351
-3.95197
-3.91623
-3.98934
-4.58672
-4.51221
-5.09321
-4.28900
-4.03180
-4.17251
-3.34286
-4.47946
-5.07278
-4.77537
-5.11198
-4.67672
-5.02278
-3.87802
-3.55051
-5.35560
-3.52439
-4.31297
-4.43925
-4.70746
-4.71242
-5.13840
-4.71441
-4.70492
-4.29872
-5.15862
-4.06903
-4.10650
-4.73626
-4.30837
-4.38539
-4.12733
-4.46931
-4.07594
-3.82273
-4.36235
-5.06150
-5.02033
-4.70296
-4.58532
-4.50398
-3.68802
-4.11958
-5.09680
-4.10872
-4.19296
-4.53220
-4.83397
-5.45997
-4.23014
-4.24569
-5.34142
-6.42543
-3.36982
-3.38776
-4.68957
-3.66882
-3.53832
-3.87165
-4.74196
-4.25008
-4.81126
-3.88553
-4.16122
-3.74032
-3.95250
-3.88874
-4.49906
-5.10511
-3.90672
-4.90277
-5.65872
-4.38425
-4.76702
-3.92631
-5.42234
-4.80951
-4.80831
-5.13833
-5.17576
-4.09687
-4.72795
-3.80920
-4.95453
-4.71510
-3.93330
-3.58482
-5.03757
-5.48030
-4.55720
-3.83693
-4.15913
-5.14018
-4.78701
-5.03267
-4.72338
-3.94266
-4.49062
-5.18388
-4.60987
-4.73817
-4.87117
-5.08517
-4.59664
-4.44370
-4.62026
-4.74553
-4.25536
-5.29001
-4.74133
-5.06604
-4.99134
-4.52050
-4.20898
-4.31376
-4.48489
-4.94040
-3.58179
-4.43539
-4.52228
-6.18605
-4.51147
-4.19802
-5.38148
-4.06343
-3.65558
-4.19220
-4.68708
-5.16728
-4.65980
-4.64940
-4.61119
-5.15542
-3.82423
-3.80909
-4.62290
-4.90082
-5.46768
-4.13200
-4.02109
-4.97636
-4.00433
-4.08778
-4.03281
-4.88044
-4.88421
-5.14097
-4.15900
-3.88760
-5.26584
-3.32739
-5.37982
-3.85949
-4.89762
-4.63750
-4.63565
-5.91646
-5.29908
-4.39293
-4.65418
-5.84756
-3.31179
-3.76367
-3.84367
-4.43569
-5.17427
-3.99542
-4.77597
-4.75520
-5.03010
-4.68639
-4.99721
-4.77022
-4.65539
-3.92925
-3.97770
-4.74444
-3.92404
-4.57904
-5.10654
-4.30137
-4.26787
-4.93563
-4.96068
-4.41315
-4.10255
-6.11547
-4.51451
-4.93861
-4.08747
-6.28049
-4.99752
-5.33111
-5.29073
-5.51850
-5.64822
-5.51188
-5.28299
-4.61673
-5.12913
-4.90233
-5.11385
-4.68452
-5.65177
-4.60916
-4.83979
-4.69257
-4.81595
-5.29077
-4.33117
-4.72307
-4.38868
-4.41644
-4.30565
-4.48675
-4.80922
-4.66653
-4.57057
-4.03184
-5.28897
-4.73217
-4.55649
-4.78511
-4.56951
-4.55015
-5.40157
-4.80741
-4.55092
-4.95607
-4.57858
-4.62737
-5.15955
-5.45345
-4.70687
-4.13064
-5.01547
-4.37082
-4.29376
-4.44749
-5.46243
-4.28328
-5.25465
-5.03910
-4.58614
-3.88219
-4.31631
-4.05172
-4.69705
-4.76630
-3.71471
-4.91249
-4.31154
-4.22737
-5.78250
-5.33999
-4.83376
-3.95323
-5.50119
-4.87878
-5.34359
-5.63701
-4.49791
-5.37085
-5.03170
-4.15363
-4.68957
-5.67832
-4.09405
-5.41282
-5.07133
-4.86040
-5.34800
-4.81035
-4.64432
-4.90814
-4.97284
-4.90211
-4.50702
-5.16064
-5.79191
-4.04257
-4.34309
-4.61537
-4.95046
-5.27497
-5.03602
-4.97534
-5.05151
-5.10743
-5.17552
-5.44594
-4.80908
-4.01257
-5.15728
-5.14782
-5.31745
-5.48656
-5.29632
-5.13933
-5.09058
-5.36176
-4.65932
-4.53136
-4.29348
-5.06046
-4.53890
-4.40416
-4.41288
-3.93238
-4.68716
-4.03864
-6.09710
-6.00068
-4.69231
-4.48991
-3.52148
-5.29530
-5.05911
-4.79045
-4.81363
-4.85763
-5.19868
-4.95904
-5.08133
-4.74021
-4.91103
-4.91543
-4.96505
-5.11694
-4.59242
-4.91975
-4.52698
-5.10551
-3.95308
-4.81147
-5.26246
-5.87479
-5.15489
-4.88656
-5.04471
-5.23793
-5.13386
-4.95234
-4.78724
-5.22325
-4.97947
-4.74747
-4.99254
-3.51645
-4.58648
-5.50916
-5.14578
-4.60912
-4.20015
-4.08194
-4.95421
-5.41184
-5.66353
-5.60729
-4.61335
-5.65251
-4.31511
-4.48584
-4.66779
-4.54914
-4.68977
-4.88075
-5.33117
-5.10648
-4.81304
-4.91272
-4.76242
-4.34882
-3.99329
-4.04878
-3.94351
-4.82869
-4.77868
-4.71731
-4.74517
-5.14077
-4.98017
-4.87071
-4.94079
-4.77133
-4.04197
-4.29540
-4.53271
-3.85887
-4.95793
-4.44238
-4.50414
-4.72734
-5.05186
-4.78842
-4.71840
-4.83289
-4.61207
-4.99313
-4.80671
-4.23175
-4.37102
-4.87865
-5.43935
-5.22046
-5.00606
-5.01839
-5.01870
-5.21143
-3.73946
-3.70387
-5.10197
-5.13063
-5.09746
-5.09771
-4.99703
-5.16224
-4.70356
-4.64954
-4.55255
-4.77492
-4.61424
-3.98331
-4.05186
-4.27282
-3.75996
-4.56925
-4.23206
-4.20998
-4.41117
-4.26631
-4.28305
-4.00813
-4.30384
-3.65324
-3.37473
-4.10270
-4.88870
-4.83205
-3.67835
-4.58028
-4.57918
-4.44147
-4.27500
-4.39866
-4.69155
-4.93241
-4.69834
-4.14744
-4.13474
-4.90858
-4.15789
-4.36434
-4.04811
-4.73901
-4.68617
-3.69372
-3.54885
-3.79571
-3.89223
-4.83639
-4.76462
-4.87122
-5.06905
-4.55450
-4.47856
-4.48776
-3.81387
-3.45226
-4.74580
-4.58869
-4.90885
-4.19455
-5.30291
-4.50028
-5.05597
-4.21316
-4.72273
-4.97996
-4.45930
-4.00360
-4.30840
-4.14050
-4.50171
-4.50119
-4.54980
-4.51552
-5.31948
-4.50359
-4.86138
-5.56211
-5.02689
-4.29132
-5.46204
-5.98144
-4.74020
-5.80610
-4.43709
-5.92738
-4.03871
-3.73204
-5.69120
-4.14608
-4.56184
-5.75004
-4.52834
-4.97318
-5.19879
-5.03482
-4.50818
-4.64678
-5.43287
-4.67435
-2.22993
-4.65295
-4.73487
-4.48548
-4.63625
-4.59941
-4.06549
-4.48864
-3.98569
-4.57381
-5.08451
-4.86109
-4.79333
-4.49774
-4.65453
-4.71293
-3.93798
-4.77416
-4.37554
-5.57678
-5.09634
-4.82880
-4.78168
-5.48848
-5.53455
-4.90174
-4.92817
-5.08035
-4.98048
-4.68076
-4.82782
-4.87365
-4.57684
-4.60333
-4.61239
-5.13746
-4.27260
-3.93124
-4.38890
-5.37900
-4.22668
-4.42827
-3.90173
-3.85392
-3.72840
-4.79631
-5.12882
-4.80281
-5.26277
-5.26513
-5.17369
-5.05206
-5.07168
-4.75702
-5.06218
-4.98556
-5.17022
-4.63970
-5.64480
-4.23754
-3.95070
-4.29047
-4.49200
-4.24315
-5.41492
-3.63047
-5.27151
-5.54871
-5.53496
-5.22592
-4.97268
-5.06790
-5.16508
-4.89604
-5.14986
-5.36261
-5.32320
-4.66344
-5.01532
-3.88404
-4.37325
-4.30733
-4.83322
-4.77881
-4.48886
-4.53572
-4.43425
-5.16559
-4.96091
-4.83011
-3.84228
-4.19086
-3.97461
-4.30060
-3.59213
-4.09346
-4.18957
-3.94741
-4.32368
-5.16864
-4.65751
-4.00986
-5.68218
-5.03857
-4.88284
-5.01542
-3.56330
-4.83670
-5.03354
-4.66558
-4.70746
-4.65213
-4.46537
-5.31515
-4.75844
-4.52270
-4.78600
-5.14961
-4.40296
-4.21110
-4.34776
-4.62407
-4.68559
-4.61350
-4.82037
-5.33307
-4.25665
-4.01954
-4.03672
-3.79886
-3.39448
-4.47347
-4.10554
-4.17002
-3.58177
-5.07453
-4.78403
-4.72972
-4.30826
-3.94127
-5.62014
-4.83333
-5.04244
-5.12481
-5.25862
-3.99664
-4.11623
-4.45805
-3.73110
-3.04876
-5.06184
-3.95035
-3.49559
-4.36610
-4.21041
-4.83818
-5.04316
-3.79676
-3.70709
-4.10700
-4.82291
-4.06138
-4.74745
-4.91926
-5.10916
-3.27088
-3.74772
-4.94770
-5.37828
-5.55730
-4.23915
-4.25795
-4.90039
-5.54219
-4.91973
-3.79279
-4.48449
-4.50467
-4.39567
-4.58255
-4.45609
-3.28470
-3.80024
-4.94240
-3.91778
-3.85448
-4.47686
-4.21212
-5.17374
-4.03992
-4.50969
-5.01777
-4.48040
-4.44475
-6.14394
-5.37000
-5.65909
-4.70106
-4.11389
-4.43914
-4.17234
-3.79349
-4.59318
-4.78955
-4.92166
-4.02456
-5.17563
-4.64950
-4.05954
-4.95985
-4.43875
-5.65704
-5.06329
-3.69853
-4.02865
-4.73676
-4.31581
-4.68838
-4.93425
-4.80226
-4.77693
-4.86532
-5.14759
-5.46224
-5.32504
-4.56676
-4.50849
-4.51188
-4.80719
-5.16973
-5.20246
-4.97877
-5.70398
-4.49361
-4.88472
-5.33942
-5.07122
-4.05983
-4.02929
-4.46194
-4.36733
-4.03047
-5.28141
-3.74790
-4.73514
-5.70768
-5.02684
-5.27328
-4.64727
-6.98531
-4.67253
-4.27817
-6.16232
-5.63108
-5.50428
-4.99586
-5.42248
-4.15934
-5.21160
-5.01151
-4.81950
-3.66928
-5.06875
-5.28457
-5.20936
-5.07212
-5.21080
-5.04665
-4.55319
-4.97390
-4.94772
-6.01860
-5.77459
-6.19274
-3.73174
-4.66297
-4.57365
-5.17414
-4.66974
-4.26449
-4.16705
-4.44532
-5.29145
-4.55070
-3.45017
-4.75352
-4.38055
-3.58768
-3.86994
-4.06230
-4.06500
-4.18787
-4.25717
-3.82706
-3.72385
-3.63519
-4.83398
-5.21961
-3.58041
-4.85815
-4.57089
-4.01815
-5.20700
-3.78866
-4.63316
-3.54433
-4.11269
-4.05968
-4.06041
-3.96464
-3.43368
-4.57066
-4.55324
-3.60440
-4.78873
-4.51256
-5.43263
-4.56851
-4.98439
-5.30091
-5.61952
-4.85882
-5.55753
-4.88878
-4.33937
-4.74268
-4.78453
-5.68842
-4.64377
-4.48862
-3.89487
-3.74375
-4.38161
-4.99497
-5.32239
-5.33239
-5.79292
-5.50064
-6.05133
-3.83992
-3.91117
-4.73872
-4.98803
-3.68161
-5.65920
-5.80267
-5.17053
-5.07883
-5.24416
-5.88027
-4.60056
-4.13945
-4.34780
-5.75154
-5.63538
-5.27546
-5.31783
-5.60120
-5.33056
-4.86714
-5.37392
-5.75443
-5.09832
-5.16827
-4.53874
-4.57792
-4.96629
-3.72205
-3.96842
-4.44829
-4.43506
-4.77224
-5.28123
-4.37444
-4.47730
-5.20094
-5.08164
-4.19073
-4.51340
-3.94865
-5.70745
-5.04455
-4.91782
-4.85603
-4.54785
-5.00806
-4.47855
-4.52961
-4.32154
-4.83203
-4.18382
-5.36804
-4.95547
-4.91187
-3.90319
-4.40678
-4.31620
-4.54428
-3.91060
-4.03218
-6.20865
-4.61670
-4.81240
-5.20257
-4.38235
-4.33411
-3.96954
-4.22289
-5.07651
-4.08827
-4.55902
-4.37457
-5.85057
-5.11739
-4.60280
-4.00640
-3.93216
-5.21159
-4.95072
-3.83250
-4.52155
-4.20148
-3.69353
-4.17266
-4.27681
-4.74565
-4.98228
-3.34081
-5.07739
-4.23629
-5.35271
-5.76526
-5.13276
-4.47045
-5.19651
-4.76384
-4.21705
-4.38953
-3.86995
-5.50219
-4.59684
-4.18622
-4.20535
-4.10928
-4.73023
-4.45383
-5.01585
-4.20855
-4.14247
-5.00228
-4.16207
-4.18371
-4.29007
-4.41028
-4.24881
-4.93783
-5.99008
-4.67843
-5.58186
-3.68376
-4.54649
-4.22098
-3.62367
-4.63807
-4.49761
-4.28072
-5.66452
-4.01190
-4.36606
-3.52112
-5.09141
-4.69995
-5.56407
-5.90733
-4.83996
-3.89722
-5.45118
-5.21263
-4.40028
-4.52450
-3.77203
-5.43119
-3.32629
-4.00916
-4.10970
-4.36639
-4.59622
-4.44774
-3.38133
-4.87545
-3.57964
-5.10587
-4.33766
-4.44587
-5.28849
-4.42356
-4.98410
-6.29863
-4.11454
-4.60119
-4.98452
-4.70285
-4.92946
-4.65631
-5.22001
-3.84763
-3.17127
-4.42503
-4.07115
-4.02952
-3.96739
-5.02294
-4.38188
-4.74826
-4.97301
-4.64390
-4.19151
-4.27681
-4.19466
-3.96891
-4.57072
-4.97482
-4.35415
-5.16099
-4.41373
-4.38032
-4.66471
-4.39226
-4.32245
-3.99726
-3.91520
-3.90482
-4.27405
-3.67466
-3.84220
-3.94344
-4.52092
-4.52796
-4.53231
-4.59548
-3.91904
-4.24517
-4.28009
-5.24911
-4.24702
-4.06347
-5.11221
-4.92414
-3.94316
-3.55961
-3.45405
-3.70526
-3.76621
-5.02411
-4.20045
-4.33578
-3.90498
-4.11320
-4.13554
-4.05794
-3.65308
-4.13544
-4.73038
-4.31657
-4.92124
-3.74676
-4.09539
-4.12666
-4.52084
-4.39851
-4.71364
-4.86039
-4.04685
-4.77963
-4.93727
-5.21019
-4.88178
-4.60941
-4.96782
-4.93575
-4.80465
-4.61549
-4.72372
-4.72970
-4.17135
-5.72103
-4.49955
-4.82973
-4.73042
-4.12363
-4.26036
-4.47043
-4.28240
-4.47787
-3.82585
-4.24523
-4.68042
-4.26059
-5.83013
-4.95933
-5.84268
-5.95520
-5.69764
-5.74665
-5.77642
-5.45924
-4.84829
-4.90073
-5.41940
-5.87925
-4.89648
-4.92293
-4.63472
-4.44853
-5.87415
-4.86089
-4.87101
-6.04268
-5.31149
-5.47547
-5.53653
-5.32057
-4.96727
-4.74041
-4.63866
-5.35920
-5.38612
-4.87760
-4.60984
-4.74229
-4.22094
-5.13839
-5.13326
-5.33187
-4.63577
-5.04714
-4.77152
-5.29441
-4.80983
-5.49398
-4.91232
-4.66689
-4.97651
-4.99491
-4.76063
-4.99370
-5.42249
-5.38448
-4.56546
-5.38060
-5.18805
-4.41321
-4.66007
-4.50784
-4.92307
-4.30231
-5.40742
-5.07181
-4.71002
-3.21081
-5.17356
-4.79944
-4.47000
-4.60748
-4.37296
-4.62072
-4.36835
-4.21791
-4.17410
-4.10593
-4.63626
-4.32081
-4.35763
-4.25854
-4.20215
-4.48626
-4.06963
-4.16029
-3.94792
-4.81423
-4.36991
-5.38000
-4.53565
-4.32407
-3.80321
-4.24951
-4.88829
-4.27033
-5.13416
-4.57907
-4.79644
-3.65649
-5.04644
-4.54048
-4.27232
-3.52844
-3.72845
-3.55942
-4.37478
-4.21281
-4.72664
-5.79091
-4.98634
-5.21905
-4.77372
-4.35736
-4.33782
-6.56961
-5.82860
-4.55299
-5.89280
-5.53530
-5.50057
-5.77551
-5.60525
-4.50377
-4.48076
-4.72788
-4.65126
-5.07595
-5.02336
-5.21111
-4.90069
-5.32020
-5.09295
-5.08693
-5.28993
-5.59617
-5.25267
-4.84664
-4.56314
-4.89322
-5.33019
-4.09380
-4.73650
-4.33733
-4.81814
-3.76092
-5.45434
-4.09981
-5.53897
-5.68979
-3.60799
-3.48695
-3.67903
-6.03584
-4.84355
-3.96217
-4.34895
-3.84900
-3.67680
-4.39911
-4.96643
-4.70258
-5.27882
-3.46745
-4.23054
-4.70351
-5.10158
-4.70188
-4.30331
-5.78393
-4.80197
-4.38187
-4.25619
-4.02392
-4.71346
-4.87484
-4.30165
-4.78750
-4.35919
-4.65703
-4.08642
-5.14638
-5.03622
-4.40059
-4.88071
-3.62724
-4.00240
-3.71159
-4.46687
-4.52999
-4.16876
-3.77133
-3.50550
-3.35462
-4.19228
-4.38322
-4.23943
-4.30782
-5.03287
-3.96768
-4.69554
-4.05476
-4.82066
-5.26181
-4.89211
-4.55008
-5.67548
-6.36471
-4.47750
-5.77587
-5.43430
-4.27364
-4.90912
-4.72987
-4.61052
-4.66995
-4.52167
-4.48567
-5.33275
-4.38618
-3.90978
-4.80027
-4.39386
-4.77105
-4.47248
-4.39422
-5.46522
-4.23002
-3.84289
-4.20807
-4.44967
-4.31816
-4.57388
-5.34442
-4.60561
-5.20862
-3.40255
-4.07967
-4.28214
-5.01849
-3.96532
-4.83740
-5.37168
-5.08131
-3.87806
-4.26614
-4.78973
-5.12047
-5.23665
-4.57148
-4.71505
-4.18181
-4.29676
-4.62614
-4.23942
-4.99933
-5.09320
-5.29120
-5.61926
-4.24643
-4.29048
-5.14244
-5.20294
-4.73444
-5.05781
-4.51146
-5.23151
-4.34807
-4.68405
-4.17200
-4.70430
-5.02857
-4.63262
-4.07416
-4.03437
-5.68600
-5.70095
-5.16450
-5.25341
-5.87579
-6.12564
-5.14687
-5.75276
-5.31382
-4.94329
-3.69943
-5.41164
-3.74506
-3.99597
-5.52817
-5.13561
-5.29527
-4.29278
-4.07665
-4.77202
-4.19528
-4.68677
-4.39543
-4.28787
-4.58061
-4.23002
-5.56316
-6.16282
-4.65581
-3.90786
-3.98319
-3.82312
-3.91330
-4.89615
-4.20456
-4.71409
-4.98033
-4.45807
-5.07562
-4.86215
-5.44604
-3.83913
-4.42246
-4.74866
-5.04547
-4.59761
-4.12858
-4.47102
-3.89341
-3.83276
-4.74674
-4.30484
-4.95388
-4.20121
-5.15574
-5.00890
-4.88303
-4.92823
-5.04040
-4.97080
-5.17739
-5.03273
-4.58211
-5.13236
-5.38255
-4.48194
-5.03931
-4.82850
-4.20784
-5.09370
-4.86115
-4.36508
-4.77098
-4.89981
-5.46369
-4.93965
-5.40516
-5.68682
-5.23700
-5.80275
-4.94616
-5.16737
-5.40467
-4.70217
-5.47777
-4.61423
-4.90985
-4.40065
-4.32592
-4.14651
-4.97353
-4.35905
-4.49856
-4.09426
-4.10380
-4.83942
-4.50032
-4.38052
-3.50878
-3.95764
-4.63058
-4.12858
-4.81878
-4.77707
-4.21456
-5.09854
-3.89509
-5.16458
-4.09936
-4.98188
-4.85603
-4.48416
-4.92271
-5.42054
-5.13010
-5.03491
-4.61666
-5.26622
-4.93535
-5.18384
-5.20643
-4.70021
-4.57688
-4.91898
-4.60435
-4.72507
-5.11837
-4.58752
-4.67255
-5.44695
-4.98122
-5.08320
-4.83887
-4.20599
-4.05302
-4.43220
-4.26729
-4.52059
-4.54067
-4.54792
-5.22240
-5.56164
-6.76156
-5.16769
-4.62795
-4.86150
-4.96805
-4.42316
-4.62476
-5.86054
-5.34849
-5.62106
-4.54319
-5.15207
-4.79074
-4.49712
-5.13347
-4.83156
-5.95809
-4.59242
-4.79554
-4.96312
-4.48261
-4.39820
-3.99085
-4.99258
-3.96462
-4.18093
-4.10712
-3.98409
-4.23581
-4.60970
-3.85432
-4.63434
-4.64998
-5.35954
-5.02712
-5.30527
-5.29575
-6.09554
-4.52499
-4.36842
-4.62388
-4.61979
-3.84723
-4.60299
-5.08653
-5.42248
-5.20962
-4.85374
-5.41375
-4.70201
-5.13690
-5.19710
-5.49662
-4.58912
-5.00608
-4.88046
-4.91811
-5.49052
-5.20062
-4.67728
-5.07593
-5.11678
-4.23908
-4.14988
-4.07798
-5.07146
-4.84526
-5.34774
-5.03084
-5.49194
-5.39673
-4.89141
-4.89949
-5.36756
-4.18192
-4.22526
-4.40590
-4.28344
-4.22213
-3.97699
-5.02524
-4.48345
-5.81867
-4.50560
-4.52401
-4.26670
-4.68583
-4.54931
-5.07115
-5.04948
-4.83832
-4.99110
-5.70005
-4.61083
-5.23812
-5.18438
-4.16610
-4.80702
-4.23914
-3.71336
-4.57596
-4.82114
-4.95120
-4.83380
-4.02433
-4.03472
-4.17507
-4.46370
-5.03833
-4.75369
-3.95008
-4.83581
-4.78257
-3.83689
-4.29571
-4.15758
-5.12765
-5.21700
-4.88541
-4.74259
-4.90330
-4.67387
-4.98937
-4.63773
-3.86202
-4.87219
-5.12817
-4.50621
-4.51075
-4.58988
-4.53126
-5.26476
-3.78685
-3.86476
-4.47640
-5.21716
-4.35206
-5.08722
-4.61328
-5.14662
-4.76252
-4.38666
-4.18774
-4.25215
-4.62765
-4.25654
-4.32760
-4.46955
-4.21285
-4.16312
-4.45964
-4.68614
-4.43041
-4.42756
-4.27637
-4.65156
-5.28316
-5.22255
-4.72268
-4.75710
-4.55521
-4.92294
-5.32700
-5.00420
-5.45003
-5.22867
-5.11851
-5.61794
-5.11063
-3.92794
-4.35189
-4.53338
-4.01246
-3.99831
-4.43702
-4.32504
-3.96920
-3.99987
-4.02664
-4.09591
-3.78063
-5.15900
-4.48059
-4.81228
-4.60919
-4.99354
-4.63579
-3.82615
-4.26491
-4.10627
-4.83233
-4.08316
-4.03189
-3.97040
-4.21440
-4.40620
-3.95251
-4.86042
-3.65548
-3.68926
-4.13512
-4.38579
-4.23479
-4.63121
-4.29043
-3.84133
-4.25772
-4.53281
-3.57967
-3.95933
-5.03339
-5.29187
-5.09234
-4.58428
-3.77862
-3.85948
-4.42356
-3.98098
-4.74966
-4.45782
-4.36770
-4.13379
-5.47852
-5.23572
-4.87443
-4.31416
-4.38485
-4.45690
-5.04445
-4.40223
-4.17201
-4.50251
-4.57440
-5.20434
-5.07226
-4.38699
-4.45437
-4.45767
-4.85944
-4.43345
-3.93103
-5.19694
-4.49312
-4.51733
-4.56515
-4.87273
-4.57068
-4.18448
-4.18363
-4.24278
-4.53656
-4.73705
-4.73680
-4.76206
-4.43953
-4.02397
-4.02872
-3.93870
-4.56196
-4.97819
-4.45690
-4.87373
-4.19660
-4.63775
-4.17040
-5.10650
-4.89862
-5.40128
-3.45457
-3.44574
-4.32566
-4.56820
-5.11389
-4.52420
-4.90415
-4.98089
-4.96092
-4.90118
-5.11823
-4.60174
-4.53774
-3.99338
-3.78826
-4.25784
-4.86412
-4.21459
-4.56569
-4.91907
-4.15323
-4.15773
-4.77603
-4.24200
-4.33739
-5.06602
-4.50555
-4.40485
-4.47372
-4.67155
-4.37209
-4.01613
-4.57290
-4.39311
-4.07924
-4.58959
-4.42963
-4.73606
-4.56792
-4.75428
-4.37663
-4.65346
-4.32419
-4.92223
-4.07838
-5.78859
-4.75362
-4.89531
-4.05497
-4.37997
-4.31710
-4.11440
-4.84585
-4.25877
-3.90051
-5.54884
-5.01217
-4.19152
-4.45021
-4.87804
-4.69078
-5.35151
-4.90550
-6.21278
-5.98121
-5.70108
-5.04948
-4.64736
-4.36225
-5.02263
-4.21290
-4.92526
-5.40572
-5.43358
-5.71832
-4.70610
-4.16341
-4.61959
-4.54506
-4.25637
-4.01542
-3.96130
-5.05979
-5.09666
-4.63733
-3.88755
-4.02449
-3.90011
-5.21513
-4.68779
-3.88436
-3.73509
-5.28672
-5.28375
-5.05956
-4.72800
-4.54029
-5.23385
-4.84653
-5.07575
-4.62524
-4.89845
-4.15501
-4.72792
-4.52351
-5.01606
-4.93585
-5.19356
-4.53336
-3.91839
-4.36159
-4.21355
-4.74739
-3.94432
-4.47161
-4.45366
-4.63914
-4.66278
-4.16570
-4.22930
-4.67511
-4.76582
-5.20777
-4.77671
-4.17390
-4.18918
-4.70541
-4.08473
-4.64834
-4.70938
-4.81947
-5.09085
-4.19712
-4.19042
-4.31778
-4.51805
-4.63071
-3.88081
-4.68499
-4.24992
-3.83210
-4.87551
-4.06809
-3.88350
-6.30858
-5.10507
-4.73994
-4.46734
-3.55150
-3.69320
-3.10258
-3.32054
-3.57136
-3.65380
-3.98951
-3.68638
-2.99923
-3.47105
-3.24584
-3.04185
-3.42714
-3.44890
-5.38056
-4.60535
-5.73019
-4.22250
-4.55510
-4.12721
-4.12127
-4.15567
-4.01280
-4.22834
-4.17612
-4.32031
-4.22375
-4.30472
-4.07908
-4.58956
-4.32497
-4.16804
-4.30780
-4.67871
-4.95441
-4.81969
-4.73280
-4.33745
-4.63006
-4.78637
-4.31105
-4.40556
-4.43759
-5.24678
-4.55005
-4.46732
-5.16914
-4.60722
-4.25365
-4.66497
-4.20975
-5.98068
-4.02488
-4.34123
-3.40292
-3.85493
-4.23173
-4.20326
-3.81817
-5.02061
-5.21406
-4.49814
-4.58359
-4.14317
-4.74274
-4.69124
-5.38317
-4.37447
-3.81654
-4.78963
-5.28148
-5.44554
-5.52385
-5.50034
-4.23997
-5.73678
-5.00426
-4.78236
-4.78585
-4.35875
-4.50412
-4.67264
-4.20946
-4.24374
-4.34118
-3.91294
-4.35123
-4.67712
-4.07128
-4.17441
-3.72910
-5.63303
-5.16665
-4.00597
-4.14705
-4.98444
-3.62625
-4.24387
-4.25278
-4.84095
-4.29001
-4.74554
-4.01716
-3.81766
-4.65179
-5.07408
-4.70967
-4.34815
-5.12951
-4.63676
-3.60673
-3.65770
-4.05650
-4.15296
-4.09889
-3.98683
-4.54175
-4.60284
-4.77564
-5.06164
-4.92887
-5.32266
-4.21782
-4.19422
-4.28207
-4.36304
-4.86998
-4.65800
-4.71440
-4.37887
-4.72839
-4.35276
-4.39570
-5.52514
-5.24001
-4.51601
-4.89742
-4.55860
-4.17019
-4.01248
-4.56454
-4.50462
-4.63280
-4.13033
-4.66630
-4.51845
-4.63019
-4.68302
-4.33961
-3.93819
-4.17260
-4.05627
-3.96258
-4.40454
-5.39003
-4.75189
-4.57067
-4.75238
-4.57436
-5.79034
-5.72827
-4.11792
-4.18637
-3.98411
-4.24035
-4.33394
-4.25538
-4.73748
-4.57533
-4.95446
-4.89264
-4.72891
-4.95271
-4.48304
-5.35854
-4.64416
-4.85737
-5.12118
-4.33648
-4.03118
-4.43799
-4.43985
-4.37588
-4.68446
-3.94577
-5.11254
-4.47487
-4.05424
-5.15127
-5.41454
-4.66106
-4.55182
-4.54512
-4.81398
-4.65207
-3.99474
-4.67226
-4.38991
-4.37485
-4.51363
-4.50488
-4.47587
-4.37593
-4.23066
-4.88316
-4.29977
-4.83777
-4.49232
-4.19321
-4.23971
-4.00860
-5.37271
-4.95608
-5.27695
-4.83093
-4.11227
-5.12618
-4.25776
-4.65911
-4.84859
-5.71087
-5.01273
-5.39196
-4.58669
-5.04406
-3.98142
-4.15732
-4.57186
-3.85226
-4.42971
-4.14450
-6.08959
-4.61421
-4.39489
-4.49971
-4.37821
-4.21964
-3.96420
-4.38630
-4.19613
-3.76879
-4.04458
-4.85924
-4.58084
-5.25214
-4.89573
-4.92530
-4.93486
-4.29770
-4.39820
-5.07393
-5.33568
-2.67899
-4.06107
-3.15521
-5.09264
-4.33390
-4.26197
-3.44068
-5.24124
-3.98658
-4.23448
-4.48735
-4.26022
-4.54948
-5.54781
-4.85478
-3.77707
-3.19752
-4.71477
-4.52472
-4.46787
-4.08057
-4.37544
-4.76284
-4.65591
-3.83244
-4.55576
-4.71707
-4.68555
-4.06384
-4.41729
-4.56049
-5.09031
-4.82827
-4.89552
-4.62662
-4.77375
-4.35061
-4.62919
-4.53960
-4.80332
-4.69497
-4.95724
-6.07557
-5.29952
-4.68098
-3.85946
-4.86427
-5.87830
-4.63893
-4.67703
-5.25870
-5.04819
-4.89387
-5.30876
-5.05928
-5.29323
-5.48807
-4.74604
-4.68867
-5.10538
-4.87753
-4.73637
-4.23833
-5.38765
-5.49195
-5.19805
-5.83615
-3.31056
-4.97983
-4.85055
-4.54070
-4.56393
-4.53962
-4.71738
-5.30422
-5.08761
-4.69254
-4.84184
-5.98439
-5.77848
-5.54051
-5.21169
-5.73325
-5.26183
-5.12793
-5.69350
-5.91500
-5.48099
-4.89086
-5.11705
-4.97931
-4.83531
-4.67575
-4.97559
-4.27549
-4.86938
-5.11809
-4.88618
-4.77055
-5.09246
-6.11719
-4.94524
-5.17616
-4.70839
-4.89806
-4.70884
-4.68448
-4.91788
-4.83734
-5.89612
-4.39023
-3.94739
-5.18708
-3.96859
-4.85341
-5.35946
-4.07984
-6.06952
-5.92515
-4.57762
-4.98427
-4.60250
-5.07286
-5.21453
-5.35361
-4.92370
-4.70563
-4.58401
-5.44532
-5.03177
-5.55970
-4.77505
-4.75985
-5.02593
-4.09871
-5.32502
-4.80368
-4.56265
-4.03521
-4.27538
-4.21192
-4.90229
-3.85514
-4.04181
-4.01281
-4.67100
-5.53439
-3.54444
-5.50269
-4.23025
-4.67893
-4.56213
-4.64115
-4.30405
-4.46526
-2.92412
-5.17922
-4.75126
-4.21141
-4.73775
-3.89613
-4.44610
-3.51597
-4.21054
-5.54419
-4.94538
-5.53039
-3.69331
-5.74282
-5.03883
-4.42133
-4.43039
-5.11318
-3.84217
-4.83674
-4.75743
-4.86740
-4.72918
-4.57714
-4.25494
-4.77243
-4.10029
-5.59321
-4.42952
-4.80426
-5.24216
-3.85044
-3.87488
-5.24300
-5.34933
-4.98008
-3.91215
-4.60247
-5.21335
-4.26259
-4.25934
-4.20088
-4.61962
-5.32434
-4.76275
-4.26072
-5.18779
-4.82073
-5.59953
-5.14099
-5.60616
-5.60977
-4.82008
-3.72783
-4.54903
-4.55369
-4.74183
-5.92972
-4.11693
-4.26373
-5.48832
-5.77924
-2.90997
-3.16224
-3.49928
-5.67873
-4.03205
-3.56751
-4.56181
-4.94533
-4.54001
-3.11244
-4.83171
-3.47380
-5.33332
-5.16628
-6.52010
-3.92202
-4.71054
-5.50245
-3.44974
-4.30612
-3.15146
-5.17118
-6.07418
-5.41000
-4.84464
-5.90322
-5.08819
-4.05979
-5.50268
-5.41629
-5.43364
-5.76684
-4.39070
-4.32650
-5.08834
-5.31721
-4.18839
-6.21438
-5.41384
-4.93915
-2.60689
-5.15227
-3.17403
-3.52453
-5.63104
-5.20937
-2.61492
-5.88642
-5.38451
-5.98362
-5.52217
-5.38993
-6.42060
-5.27703
-6.00358
-4.84175
-5.23737
-5.56893
-5.68536
-4.73747
-5.90027
-6.00163
-5.43608
-5.86458
-5.72335
-6.28501
-5.33789
-6.05801
-5.63078
-4.92772
-5.12543
-4.66647
-3.53949
-5.70741
