-13.7083
-16.8127
-19.2865
-15.2726
-18.5676
-13.2749
-15.6913
-17.9654
-19.1035
-20.5540
-19.2587
-16.9588
-6.6869
-18.0063
-11.2010
-18.8150
-18.5562
-15.7482
-18.4277
-13.3152
-7.2436
-19.9777
-13.3089
-13.4896
-14.8290
-17.2841
-17.2475
-15.0808
-21.6954
-9.2574
-12.9211
-13.1039
-17.2417
-15.2652
-14.4037
-14.5235
-17.2396
-14.3603
-10.6895
-4.3234
-14.0605
-7.9501
-14.8847
-15.1648
-8.4390
-10.7680
-15.0582
-18.6839
-4.9677
-12.6671
-11.2173
-11.7165
-11.1052
-13.6178
-18.6288
-11.1194
-7.1732
-11.8515
-12.1796
-9.5819
-15.1811
-4.1537
-9.9682
-10.5363
-13.2595
-15.5127
-11.3840
-13.5761
-13.9516
-11.1114
-4.9994
-16.9453
-16.4812
-19.6375
-17.5631
-10.8389
-11.0054
-14.0429
-14.6286
-9.1176
-14.8707
-15.3874
-18.6017
-10.2733
-14.9132
-15.3239
-13.5760
-14.8011
-13.4265
-11.7720
-16.3806
-12.5403
-11.4109
-14.6671
-18.0909
-14.9810
-13.5323
-17.8716
-14.3873
-12.7759
-17.1236
-14.5119
-12.0235
-14.1394
-17.6921
-18.9099
-18.8517
-17.5174
-16.3337
-17.1322
-14.1835
-12.8112
-12.0457
-10.8234
-13.2672
-9.2863
-12.4766
-11.7627
-10.2226
-11.7572
-18.1176
-16.6961
-16.6256
-18.4556
-16.3779
-15.7279
-17.8301
-11.6847
-14.3713
-18.9690
-10.8405
-17.8014
-17.0380
-11.1505
-6.7978
-10.8874
-10.6675
-13.0780
-4.8894
-3.9335
-14.6207
-12.9879
-13.3517
-8.8226
-10.4916
-10.8640
-14.1076
-17.4589
-16.5552
-10.9588
-19.4010
-14.4856
-13.7292
-15.6678
-13.3644
-12.9073
-12.7153
-14.9420
-13.0266
-16.4717
-16.0413
-13.4577
-17.0350
-13.0254
-13.4909
-6.7054
-14.7116
-16.9149
-13.2701
-10.5175
-12.3854
-10.9293
-17.2774
-13.7432
-6.6784
-8.2028
-17.0426
-6.5625
-16.8644
-17.6796
-18.1747
-8.7212
-12.4518
-17.5174
-12.7912
-10.2841
-6.5233
-13.2013
-12.3251
-13.7915
-8.4601
-12.6809
-14.2934
-14.3176
-11.1849
-12.2428
-16.8093
-10.9783
-16.3146
-14.1256
-7.6551
-13.1928
-17.4723
-13.5674
-12.3512
-3.4701
-14.8573
-15.3336
-4.3990
-12.4632
-10.4528
-14.7777
-14.0957
-13.7692
-12.8166
-12.6106
-10.6740
-10.7936
-13.0746
-15.6011
-9.8701
-10.6067
-11.3288
-13.6249
-13.2019
-12.7219
-8.3701
-16.3891
-12.5127
-14.0069
-16.4691
-15.4784
-9.4777
-6.9784
-14.1462
-13.4565
-14.4942
-16.0884
-17.4200
-11.8641
-14.7333
-15.8465
-12.2144
-15.0868
-14.6726
-14.6048
-10.3638
-13.5290
-12.1657
-13.2739
-11.4351
-14.2178
-15.2748
-14.9771
-6.6864
-9.3139
-6.1413
-3.9750
-10.8208
-15.7823
-20.0970
-19.7123
-12.5190
-8.8628
-16.8786
-16.0517
-16.1067
-14.5524
-16.9349
-16.8987
-17.8928
-11.5960
-13.3215
-19.1137
-16.4578
-9.4406
-11.1170
-15.3806
-15.2318
-15.3809
-15.3480
-14.9477
-17.0792
-13.3501
-14.5910
-21.0565
-20.3984
-21.0647
-20.9106
-19.0613
-18.7188
-21.1288
-21.5719
-22.0629
-19.0313
-21.3543
-13.1011
-12.3951
-20.9577
-17.6948
-13.3543
-20.7733
-20.1540
-20.8475
-19.7540
-15.1256
-12.0921
-19.6481
-19.1195
-12.1969
-13.1025
-22.0887
-18.4782
-19.2542
-17.0794
-18.1235
-18.5299
-15.4701
-18.1260
-16.5616
-15.6168
-18.5631
-15.5256
-18.8626
-17.1702
-14.5278
-18.1532
-11.1832
-16.4925
-22.0277
-19.4675
-17.5706
-16.9178
-19.3216
-19.0291
-21.4905
-13.8788
-22.3740
-17.4956
-10.1068
-15.1451
-19.3474
-19.3146
-13.8130
-17.4406
-17.2961
-17.4346
-10.6746
-18.1256
-21.5318
-15.8002
-14.5314
-15.9095
-11.1856
-13.1873
-16.2274
-12.7034
-15.1954
-9.5691
-9.3468
-5.5606
-11.1714
-13.4469
-13.9184
-13.2550
-14.0086
-10.9574
-11.1137
-10.6577
-16.6219
-13.1085
-10.9251
-7.8646
-12.8142
-13.0646
-13.2981
-16.5055
-15.0071
-12.8125
-11.1150
-4.2396
-8.4860
-14.6196
-11.0478
-11.1185
-16.9683
-16.0532
-9.1555
-13.0328
-14.8307
-12.5295
-5.6941
-11.2547
-13.1201
-14.4946
-12.7618
-13.0690
-12.8122
-2.3894
-13.1671
-17.9703
-8.9335
-10.9770
-11.4019
-14.5655
-12.7743
-18.4453
-12.5294
-21.0256
-22.9651
-22.6562
-21.5177
-22.4668
-14.0485
-6.3870
-19.7187
-20.3765
-16.2940
-22.3483
-17.2130
-21.7590
-20.0364
-19.0749
-19.5185
-18.6237
-21.7762
-11.2120
-10.4584
-7.1412
-12.9834
-6.7981
-14.3851
-13.1326
-15.2995
-10.8272
-7.3271
-12.9572
-10.6981
-9.0804
-4.6343
-9.0739
-12.5670
-14.4593
-10.8831
-16.4738
-14.5330
-17.3198
-13.6915
-16.0572
-11.0173
-12.5171
-10.5454
-14.9032
-14.8808
-14.8964
-13.1755
-11.1565
-12.9391
-15.3622
-11.5092
-10.9836
-11.1573
-15.3306
-11.0018
-16.9777
-11.0979
-10.7802
-12.8702
-12.0727
-11.1676
-17.1113
-12.4012
-13.6059
-15.1100
-12.7281
-8.6942
-11.6366
-7.0735
-14.3885
-14.6084
-15.9054
-13.2459
-13.0614
-14.2582
-16.6591
-18.3780
-14.9456
-16.3190
-10.9807
-18.1442
-18.7738
-19.9538
-18.9222
-17.0438
-19.6011
-14.0308
-20.4955
-20.0688
-3.7976
-10.1464
-12.1038
-18.0629
-21.7833
-13.6505
-19.5375
-19.7569
-13.9104
-18.7237
-17.9084
-22.4203
-20.5228
-20.5144
-15.0146
-6.1147
-12.9394
-15.4157
-14.6338
-5.6288
-7.1254
-6.6071
-13.9520
-17.2323
-15.4195
-9.4174
-18.1980
-13.9229
-17.3390
-17.2293
-18.1482
-18.7655
-19.1697
-17.3516
-15.8540
-8.8569
-17.8939
-17.9825
-15.4399
-16.2561
-18.0506
-17.3535
-15.1776
-15.6364
-13.5582
-17.5290
-14.7996
-4.9531
-16.4645
-15.8919
-15.6784
-0.4326
-18.1494
-14.0431
-12.9741
-7.1272
-11.2114
-13.2200
-13.4656
-14.4570
-6.7175
-4.3362
-10.9802
-7.1509
-6.2544
-16.9347
-15.8879
-12.6189
-15.0196
-10.4768
-9.8592
-11.4597
-15.2541
-9.5384
-5.9639
-6.3176
-14.9776
-14.3952
-13.8954
-14.7893
-15.5109
-15.5210
-14.5530
-12.6082
-8.5966
-14.5203
-14.4114
-14.1207
-16.1512
-16.9492
-11.9864
-17.0408
-11.7464
-13.1154
-14.5629
-15.0829
-13.6181
-14.8767
-16.1769
-14.7878
-12.2434
-8.4737
-13.3683
-11.9418
-15.9222
-8.1735
-14.8429
-15.6986
-14.6680
-10.8132
-11.5517
-10.7852
-9.4216
-15.0763
-11.0356
-12.4497
-9.9662
-4.7083
-10.7585
-11.1621
-12.7148
-15.0642
-4.1424
-14.8478
-15.3433
-12.4962
-15.2866
-8.3040
-15.5465
-17.4402
-1.4098
-3.3464
-8.8317
-17.3379
-14.5334
-6.6595
-14.1291
-17.8873
-14.7602
-12.5920
-13.1930
-15.4734
-19.4986
-11.6397
-19.2911
-19.5474
-10.8731
-18.3609
-17.2459
-16.6223
-17.6188
-18.8627
-18.9411
-17.1457
-4.1441
-9.3125
-18.5960
-21.9388
-16.7720
-6.6156
-6.8137
-11.6496
-6.4794
-11.4788
-10.7558
-11.3943
-10.7330
-13.5973
-14.5224
-13.0603
-14.0314
-5.9669
-10.6433
-12.4015
-12.9372
-9.1644
-12.1756
-11.4015
-8.6545
-12.7895
-12.7834
-6.2345
-13.3095
-10.7807
-10.9821
-8.5088
-14.6581
-16.4038
-13.0431
-14.8828
-8.0039
-14.9088
-10.8100
-17.8253
-13.1166
-11.5551
-8.6179
-15.4049
-12.3436
-12.4353
-12.1115
-12.5146
-13.0601
-8.8099
-8.3276
-9.7507
-13.0519
-5.7244
-8.7456
-16.2428
-8.3710
-10.5120
-0.6806
-13.7352
-13.3736
-18.3890
-14.4563
-15.8831
-16.5235
-14.7464
-17.6707
-16.6787
-14.8692
-15.2173
-15.6074
-14.8348
-18.9904
-12.9153
-12.8207
-6.8791
-6.8080
-9.8631
-15.3223
-13.5661
-17.3910
-8.7768
-9.3263
-11.0910
-16.5868
-15.5199
-14.9135
-14.8968
-11.8372
-13.6616
-13.6000
-16.3733
-8.9596
-15.0231
-17.9600
-17.8701
-16.4423
-17.5002
-17.6908
-18.1141
-13.0260
-15.0922
-7.0160
-10.6122
-16.8593
-16.0201
-11.4586
-15.0290
-11.0138
-16.4196
-20.2990
-15.0420
-13.4155
-13.9039
-15.0006
-17.7261
-13.6273
-11.5425
-8.5536
-8.7139
-14.7312
-14.7243
-13.6964
-10.2034
-13.6568
-12.8062
-13.7447
-12.9288
-11.7838
-5.1035
-5.9895
-15.0599
-16.4121
-11.9724
-11.1248
-22.8899
-24.2172
-19.7702
-12.5468
-11.1129
-11.5407
-6.4429
-9.9005
-9.6252
-8.7789
-11.7388
-15.8651
-16.3368
-18.3204
-12.4866
-15.9128
-14.4012
-16.2267
-14.1064
-20.0096
-18.7690
-16.2168
-13.8756
-17.4216
-18.4095
-21.6291
-20.4300
-15.3263
-20.5343
-22.3985
-17.7186
-21.3825
-17.5740
-18.8566
-13.8449
-21.1114
-15.2899
-21.9319
-22.3604
-11.8315
-15.0353
-15.0627
-16.3090
-16.2439
-16.0986
-18.4874
-21.3354
-17.9337
-18.4202
-16.5739
-16.6968
-20.3817
-14.1515
-10.6075
-14.9980
-18.0262
-15.3539
-15.6642
-21.2424
-18.3781
-5.2490
-16.4203
-15.7446
-16.8273
-15.7462
-14.9168
-12.8712
-14.4315
-13.1958
-13.1197
-12.3199
-16.1646
-12.2863
-16.4827
-11.2589
-13.3270
-14.7573
-16.1709
-14.8881
-4.5225
-17.3427
-16.6233
-3.3148
-4.2020
-15.1372
-16.6886
-18.6677
-7.9890
-20.4673
-8.5422
-16.4145
-18.7141
-18.1422
-13.8763
-15.1528
-16.0405
-9.0147
-18.8078
-18.7067
-17.4577
-16.5441
-15.6127
-16.9298
-16.3189
-17.7133
-14.0975
-14.7669
-8.3541
-15.0724
-9.5084
-20.5953
-15.5191
-14.4418
-15.1810
-14.9224
-17.5578
-14.7017
-17.6158
-15.9487
-14.1279
-15.1273
-21.9133
-15.1714
-16.7273
-15.8574
-13.5849
-19.9867
-20.3047
-19.5531
-19.7500
-16.9262
-19.3029
-16.8050
-17.1594
-20.1574
-15.3623
-18.3120
-15.0180
-19.2423
-19.7123
-17.7049
-11.5508
-19.8851
-15.0739
-17.6504
-17.6828
-18.3184
-11.6362
-17.1011
-17.3114
-16.5107
-11.5192
-19.9296
-20.6372
-20.5529
-18.4828
-20.1182
-19.4958
-4.3465
-15.3888
-16.8808
-18.3142
-15.1406
-17.4731
-18.2880
-10.8084
-16.9463
-8.8184
-15.0322
-11.4381
-20.2115
-18.2613
-16.7805
-17.2349
-17.3594
-14.5860
-15.9529
-17.4913
-14.8113
-14.5614
-16.7695
-17.7102
-15.8585
-7.8912
-15.3035
-14.5373
-15.0164
-14.8724
-14.9737
-14.8895
-16.7968
-16.3721
-16.7645
-16.6408
-15.8219
-16.4975
-14.4671
-17.3688
-17.6956
-17.6033
-15.2190
-14.1903
-15.9215
-11.0624
-20.6568
-16.1830
-13.3955
-17.0041
-15.8238
-16.6607
-16.9858
-12.1619
-17.1269
-17.4425
-14.9649
-19.9671
-12.5558
-13.7157
-17.1587
-15.2786
-14.7503
-10.4343
-11.4148
-19.6081
-12.4957
-16.9002
-18.4805
-19.3225
-21.2989
-19.7902
-17.9361
-15.1582
-18.8798
-15.7259
-10.9256
-10.4923
-18.1275
-19.1419
-13.2885
-15.1571
-17.7236
-19.0749
-19.6191
-16.3786
-17.5782
-16.3260
-15.7408
-18.4956
-15.1794
-15.2686
-16.2858
-19.9084
-15.8213
-16.1318
-16.8474
-11.1093
-18.7877
-9.2462
-13.6768
-14.8248
-14.8701
-11.7881
-12.4998
-15.2354
-14.6438
-19.1200
-19.0605
-16.5925
-11.9559
-11.7562
-19.0451
-19.0235
-17.0405
-17.6685
-18.6582
-18.4017
-22.5031
-7.7325
-18.4990
-18.8301
-18.5498
-17.1500
-22.2561
-17.9369
-17.1001
-17.2535
-19.4900
-13.6736
-18.1920
-12.3915
-19.3059
-18.2276
-16.4651
-14.4136
-13.1688
-14.6824
-13.1564
-16.9180
-18.3052
-18.8709
-19.3758
-19.3136
-18.4237
-13.7304
-15.6690
-15.6900
-17.6617
-15.7537
-15.3589
-17.4370
-19.6543
-19.6513
-19.1876
-18.4812
-15.4473
-13.7681
-16.1345
-21.1934
-15.5243
-18.5159
-14.5716
-15.5800
-16.6289
-12.1161
-20.0228
-20.9636
-17.0913
-16.0450
-20.1996
-18.5342
-16.5490
-16.2843
-19.2976
-20.1882
-14.4085
-17.0655
-19.1476
-18.2117
-11.2850
-16.4455
-18.5949
-17.4382
-15.8893
-17.4124
-14.0049
-14.0831
-21.2669
-14.0356
-14.9409
-14.5019
-15.0239
-16.9179
-15.8830
-13.8247
-14.9942
-14.9356
-12.6646
-19.0831
-17.7025
-15.8596
-14.8998
-16.0600
-11.8163
-18.0418
-14.2186
-16.4296
-13.3392
-14.0884
-12.3173
-16.6910
-14.1690
-14.4598
-14.7182
-14.1423
-17.5216
-15.0297
-19.3523
-9.8524
-15.2918
-20.9054
-21.5307
-17.6733
-8.7477
-6.4626
-8.0653
-19.4920
-8.8061
-20.9666
-17.2553
-0.1180
-16.8435
-20.0663
-19.8266
-15.3220
-19.6707
-19.7317
-17.5359
-17.7270
-15.7408
-19.6721
-13.4964
-14.7678
-19.1062
-14.9395
-11.7149
-12.5469
-12.9278
-14.7838
-2.2792
-3.4495
-3.0562
-14.3310
-6.2427
-10.9631
-16.6172
-8.8812
-15.3147
-13.8744
-14.3152
-12.2245
-12.9406
-12.4897
-10.4901
-10.9336
-10.2832
-12.6283
-15.0532
-11.4613
-13.1059
-14.0118
-12.0057
-14.0105
-12.7734
-15.4917
-12.0698
-15.9582
-15.7451
-10.5000
-8.0326
-14.7268
-10.5531
-14.4185
-13.1983
-15.5763
-4.1911
-15.4162
-10.8870
-14.1309
-12.8985
-17.7395
-19.3134
-17.0666
-19.1926
-19.1560
-18.1805
-17.9889
-17.4420
-20.3055
-18.9384
-16.6137
-17.9046
-19.1241
-18.3193
-18.6763
-19.2439
-18.3945
-16.5838
-18.4674
-16.8172
-16.7873
-15.2739
-18.6315
-12.8738
-14.9054
-17.7731
-10.7083
-15.1002
-5.1360
-20.6543
-17.3402
-16.4035
-18.9490
-12.8769
-19.4202
-14.9523
-16.5720
-13.2109
-17.6869
-16.1495
-17.5746
-6.8626
-15.5452
-17.1646
-9.2410
-11.0754
-9.7670
-12.4075
-10.9262
-10.5553
-8.3799
-8.7336
-10.9265
-8.9621
-12.9894
-11.1341
-12.7519
-9.0968
-9.1541
-8.3425
-15.1226
-13.7458
-13.5096
-12.6239
-11.2910
-12.5093
-13.1157
-12.3203
-10.6181
-15.4943
-12.0083
-10.4659
-9.7995
-12.7766
-12.8405
-10.7120
-14.4022
-12.9780
-9.4102
-8.6722
-8.6053
-8.9103
-12.3977
-10.6196
-4.4084
-14.2612
-11.2064
-11.1783
-11.6336
-12.4258
-14.2929
-9.2839
-14.6267
-12.1455
-8.0839
-21.4556
-13.9684
-18.7435
-17.0270
-18.9980
-16.2207
-9.4041
-15.2879
-16.9355
-7.1294
-10.7154
-17.1060
-13.7588
-14.9425
-15.9719
-6.4193
-6.0525
-18.2873
-13.5973
-17.3926
-13.1070
-15.4135
-22.4271
-15.3022
-12.8418
-18.3883
-11.1184
-17.9555
-19.8625
-14.0190
-19.2774
-19.5438
-17.9643
-6.1456
-12.2133
-9.6597
-13.0296
-14.1212
-18.6277
-13.5475
-9.9168
-11.0145
-12.6446
-15.1855
-13.0325
-11.7580
-14.5796
-15.0560
-13.1357
-8.6808
-18.6675
-12.6686
-13.9157
-13.5523
-11.6346
-18.6312
-17.8911
-14.9517
-16.0847
-12.8168
-12.0630
-13.0448
-12.7246
-14.9027
-15.0085
-10.4049
-11.7169
-15.5076
-16.8437
-13.3356
-13.7570
-17.0553
-13.0221
-12.8419
-13.1966
-15.1006
-12.9066
-9.9644
-14.7754
-13.6909
-6.4944
-5.9265
-13.6855
-6.1831
-8.5787
-11.1641
-10.9437
-7.1147
-12.1544
-11.1745
-12.1289
-13.5780
-9.5182
-12.0921
-10.8934
-11.1333
-12.4799
-12.7295
-13.2887
-12.4717
-11.4116
-10.3476
-11.1802
-11.6154
-12.5501
-11.8754
-5.0578
-14.4617
-14.6122
-10.5160
-10.0762
-17.0367
-10.2888
-12.7046
-15.4033
-10.2498
-16.6094
-10.7828
-13.2232
-8.3257
-10.7064
-9.7579
-10.4120
-10.7965
-6.7499
-14.6278
-10.7178
-14.1193
-13.1203
-8.5990
-10.5925
-9.3898
-10.5892
-16.4146
-11.9320
-7.9425
-12.0500
-10.8928
-12.7435
-12.3479
-15.3780
-14.4251
-14.6098
-15.3236
-12.6404
-11.0681
-8.5467
-10.9670
-12.4527
-15.0370
-12.8107
-14.9470
-14.5095
-14.8799
-11.5293
-12.7579
-12.0051
-11.3825
-11.2018
-9.8999
-11.9289
-10.7819
-11.5757
-13.3743
-10.8337
-14.8489
-14.2602
-12.7096
-14.4307
-11.7941
-11.0391
-9.0750
-9.8510
-7.6654
-11.8620
-13.9646
-10.8100
-11.1427
-10.6475
-11.9399
-11.6250
-10.9898
-8.3070
-8.8267
-14.2465
-13.4375
-11.2811
-4.0533
-11.2027
-10.9105
-8.3961
-10.2424
-16.0796
-15.9723
-13.9494
-7.6045
-11.3743
-18.7277
-8.6279
-16.2013
-12.7971
-17.9041
-9.2041
-9.7111
-10.4782
-10.0461
-10.8686
-9.7782
-16.2474
-16.1317
-8.4407
-18.3027
-15.1813
-10.2277
-17.8178
-10.5778
-10.8999
-8.6087
-9.7537
-12.9901
-16.9311
-13.7495
-14.7218
-14.2975
-15.0935
-12.1938
-13.7695
-15.4224
-15.7366
-18.9311
-12.9691
-9.6271
-13.3580
-17.4015
-17.8064
-17.9864
-14.4592
-17.1628
-13.4405
-15.7475
-12.0278
-12.9403
-14.7445
-13.5896
-19.4058
-19.1074
-13.8478
-15.8325
-19.5026
-17.6596
-16.4883
-17.7603
-13.2950
-12.4532
-15.2684
-16.0066
-17.2571
-17.3544
-17.1059
-19.2015
-13.0693
-13.8450
-14.9690
-10.8772
-10.3074
-11.7492
-16.2850
-13.7173
-18.6739
-18.0049
-17.3386
-16.6809
-16.0933
-15.3978
-16.7127
-13.4809
-11.7528
-18.3254
-15.0253
-15.9509
-17.5047
-17.5525
-12.1764
-10.8514
-15.3845
-16.3528
-17.8144
-13.7855
-21.3072
-21.2660
-14.2621
-11.0849
-16.1798
-17.7329
-15.5095
-16.2527
-16.4119
-17.2386
-15.4642
-16.5951
-15.7097
-16.0949
-20.7213
-14.8049
-15.3192
-13.8702
-17.2027
-18.0467
-18.6016
-17.7756
-14.3768
-17.0263
-18.6715
-11.0721
-14.4936
-19.8745
-17.2444
-16.3311
-17.3799
-14.1495
-13.5488
-13.6540
-14.2806
-20.2873
-15.3958
-18.1826
-15.6160
-20.3200
-19.3634
-16.0304
-20.9062
-21.0398
-18.9779
-20.7133
-18.9101
-16.4532
-17.8097
-20.3874
-19.6920
-18.5949
-17.8482
-20.4200
-18.4297
-16.6409
-20.1806
-15.5850
-17.0358
-18.0659
-19.8541
-20.8521
-20.2967
-20.5619
-18.6045
-19.5795
-19.1532
-16.2547
-17.8657
-15.6287
-21.4779
-15.7075
-13.0137
-11.6081
-16.9511
-15.4945
-15.7614
-16.4788
-16.8083
-20.1093
-18.3820
-19.6254
-12.2505
-9.0938
-15.2904
-11.6055
-11.4204
-9.8155
-14.4256
-13.9840
-21.4058
-13.9760
-17.0080
-18.2734
-16.8180
-15.1572
-17.2015
-17.7186
-13.5343
-16.5771
-15.7159
-5.2422
-17.4052
-18.8155
-16.2207
-15.1227
-18.2853
-15.9853
-15.2632
-16.7100
-14.6524
-16.1011
-14.4064
-12.9778
-18.9045
-16.8310
-18.4925
-18.9687
-11.0155
-18.0880
-20.3120
-19.9607
-15.2987
-14.9367
-16.7573
-14.8513
-14.1334
-13.4626
-14.7133
-14.2545
-15.3765
-20.2423
-14.6612
-19.1325
-19.5636
-15.3874
-15.1657
-15.8095
-16.9864
-15.9608
-14.8064
-14.9258
-18.1663
-14.5103
-19.8378
-18.8067
-19.3225
-16.6532
-13.9688
-16.5358
-20.6276
-13.3322
-20.4171
-14.8069
-14.8833
-14.8247
-18.6639
-19.5420
-16.8186
-17.8500
-15.2790
-20.2301
-16.5355
-16.8096
-15.8278
-19.2023
-17.3755
-21.6934
-19.4801
-18.2598
-23.2293
-15.3574
-15.8408
-20.9362
-17.3325
-18.1859
-9.8083
-16.1319
-13.4089
-17.8255
-15.1984
-17.3380
-18.6659
-13.6960
-21.3765
-17.0356
-16.3245
-17.1606
-10.4893
-15.9833
-4.5471
-21.6031
-22.3156
-17.0916
-12.9463
-11.7733
-13.0066
-18.8702
-19.8271
-20.9558
-19.5311
-16.4893
-11.5256
-18.1249
-15.8147
-18.9143
-19.7865
-20.4565
-10.9094
-14.1101
-19.6845
-8.2016
-10.7657
-15.3377
-13.9560
-15.0866
-12.5452
-12.3031
-12.0104
-12.4449
-11.1069
-10.6759
-6.1112
-10.9730
-15.0042
-12.5676
-18.0145
-13.2044
-14.7782
-17.4959
-8.9194
-17.8215
-11.0245
-14.7772
-12.8084
-13.1197
-15.4128
-14.7823
-15.0810
-11.2591
-14.1987
-17.0466
-17.4994
-14.9194
-12.5310
-16.8211
-17.8508
-19.1779
-13.9956
-19.3085
-15.3311
-16.7333
-12.1959
-13.6071
-17.3623
-17.0901
-16.7548
-14.4283
-14.6353
-19.0682
-15.6886
-15.2033
-16.0968
-16.2196
-17.8923
-12.9071
-13.5095
-14.9034
-14.4410
-14.7574
-16.4477
-16.1159
-14.1927
-14.9631
-12.5320
-12.0625
-17.1883
-16.7682
-17.0287
-20.0206
-12.4767
-14.0990
-12.5690
-11.3184
-12.0840
-17.2350
-18.2408
-15.4751
-17.4787
-19.2360
-17.8261
-21.9882
-17.0140
-16.6463
-13.1551
-14.4626
-12.6257
-14.7885
-14.4881
-14.5245
-20.2570
-16.3339
-14.3681
-13.9921
-16.0595
-13.2196
-9.7004
-13.5164
-16.6980
-13.6242
-17.7582
-12.3394
-10.9219
-11.8387
-14.2424
-14.5974
-15.6732
-12.9249
-12.9896
-14.1987
-15.5205
-10.9696
-16.9930
-15.3215
-16.9695
-14.3967
-15.0337
-15.0440
-11.0285
-8.5080
-11.0000
-17.4376
-17.3860
-14.7093
-14.9442
-17.4046
-20.6188
-17.3931
-16.8440
-16.8152
-11.0859
-13.5653
-11.8143
-12.0558
-14.8149
-11.4504
-14.3539
-17.7584
-18.6381
-16.3404
-13.4101
-15.8164
-13.9600
-17.5745
-19.4991
-16.7865
-15.0326
-15.7018
-19.3868
-9.3393
-9.9759
-15.1452
-14.2719
-14.7016
-11.9090
-10.4785
-13.1902
-13.6900
-11.6944
-10.9232
-10.8250
-10.7696
-12.2022
-9.6295
-11.2518
-9.9141
-14.5729
-12.8763
-10.9494
-12.5513
-15.0229
-15.0190
-13.3134
-12.8738
-9.2346
-15.8045
-12.5037
-13.7949
-15.9960
-13.6822
-7.0470
-13.8524
-14.9959
-15.2409
-10.7936
-13.7182
-14.4639
-11.7157
-14.1412
-13.9114
-16.5008
-19.0523
-16.0261
-14.0421
-10.8948
-15.5659
-7.8458
-14.5426
-10.3539
-9.0571
-18.7176
-16.0865
-13.2597
-17.0700
-14.3432
-12.4861
-14.7998
-13.9663
-13.2458
-12.0611
-15.9734
-17.1040
-9.2093
-12.9508
-14.3736
-15.9060
-18.9577
-6.6323
-10.2793
-16.7553
-19.1578
-18.2687
-18.9105
-19.6228
-18.8539
-15.3644
-16.5741
-20.1301
-12.8762
-13.3518
-21.6191
-21.2935
-22.3803
-20.0443
-20.3241
-19.6145
-21.7944
-19.9510
-18.7587
-21.5524
-19.0710
-18.8624
-22.4705
-19.0454
-17.5815
-13.9776
-12.2000
-13.0364
-13.7732
-14.6734
-15.7820
-13.8010
-20.3620
-17.4114
-6.5041
-11.8315
-19.1362
-21.6664
-22.2539
-20.6815
-19.9273
-18.4711
-20.2973
-19.5187
-21.8737
-19.8095
-19.9299
-19.2955
-18.8874
-19.3033
-20.3323
-4.0941
-7.8306
-18.6960
-16.3323
-14.1335
-14.6529
-18.1766
1.2837
-10.9306
-18.8899
-18.0228
-16.7598
-16.8354
-14.4365
-18.8385
-17.1554
-11.6838
-17.1516
-14.9538
-16.2162
-16.0305
-11.7872
-19.4701
-12.9390
-18.4108
-10.7369
-19.6610
-10.0251
-10.7869
-15.3807
-18.6910
-17.0639
-18.4643
-10.2445
-9.0729
-19.3577
-14.9914
-17.4945
-17.9956
-17.6995
-19.1942
-17.1052
-9.9163
-20.7308
-14.8821
-16.5294
-16.9350
-19.9386
-15.9075
-13.3213
-16.3237
-17.4237
-12.1365
-12.5364
-17.2191
-13.9593
-17.6592
-18.6255
-17.6567
-17.7759
-20.3190
-19.8927
-18.1505
-19.5189
-17.3917
-18.2556
-20.0564
-19.4231
-20.2874
-20.4983
-20.1453
-19.3194
-18.2526
-17.6103
-11.7306
-15.9985
-16.1069
-18.5892
-16.6318
-13.0599
-19.1622
-17.6665
-17.3987
-19.1769
-7.5747
-16.3042
-15.1172
-14.8971
-17.1663
-10.2093
-7.8643
-19.7233
-16.5437
-14.2235
-18.1138
-18.4243
-13.5043
-15.3272
-19.3992
-14.4546
-10.5527
-7.6890
-16.2914
-6.2149
-16.9652
-18.0177
-18.4977
-12.1019
-13.8169
-13.9679
-12.7959
-15.2718
-10.8557
-15.1079
-14.1776
-16.0074
-16.2500
-19.7970
-18.6220
-15.3514
-16.9725
-14.0005
-13.0139
-17.7816
-9.8934
-11.8854
-11.6637
-12.6618
-14.8652
-17.3432
-14.3280
-11.3271
-16.0957
-16.8746
-17.2508
-18.6952
-15.0722
-13.1696
-13.2732
-14.7683
-16.8754
-18.9035
-12.0254
-13.5223
-13.8045
-14.0379
-15.6485
-13.6690
-13.2673
-13.9958
-13.1257
-15.7822
-8.7098
-20.1430
-15.5187
-17.9697
-15.5063
-12.8806
-4.5760
0.0430
-15.8298
-8.7532
-12.9796
-14.4956
-16.7587
-14.9207
-10.8363
-13.0278
-14.6610
-14.7802
-14.9848
-15.9611
-14.9573
-13.1368
-20.8330
-13.5298
-19.6133
-10.7393
-15.5921
-19.2070
-14.4530
-10.9742
-7.1639
-14.6933
-15.6498
-14.9263
-15.9617
-15.2691
-13.1323
-12.9926
-17.7399
-12.4780
-17.6131
-16.2884
-15.4858
-11.2874
-19.0233
-13.6385
-14.1548
-13.8559
-13.3528
-15.9497
-16.7975
-13.0660
-16.0093
-12.4582
-16.0730
-17.6179
-15.5971
-19.7542
-12.6128
-17.1142
-11.4386
-14.0254
-15.1154
-16.4301
-14.3971
-14.6248
-17.1747
-14.5595
-15.5357
-13.9040
-11.0872
-15.0205
-14.6501
-18.9710
-13.3578
-16.7191
-7.2261
-11.8187
-13.3503
-16.4970
-17.8650
-15.6710
-20.2711
-16.3151
-16.5788
-20.3090
-19.8170
-20.2933
-16.3713
-20.5298
-19.9225
-15.9042
-20.3790
-15.5894
-18.9163
-16.5370
-16.1647
-17.6761
-15.4113
-15.4116
-15.7235
-15.9446
-19.4027
-15.5072
-10.0732
-17.7013
-14.7773
-12.0235
-19.9454
-17.1485
-17.8462
-15.2587
-14.6516
-16.8550
-15.0884
-17.5760
-17.5803
-14.6694
-11.1353
-15.3719
-12.4875
-14.3799
-21.2107
-18.1269
-15.0148
-16.9874
-17.5471
-15.2163
-12.6120
-16.0933
-15.5210
-16.6612
-17.8487
-18.2362
-12.4153
-18.2852
-17.9919
-15.4708
-19.1935
-18.7777
-19.4747
-11.9513
-19.0428
-16.8548
-17.4640
-19.7865
-12.0911
-12.9595
-15.5374
-13.5015
-16.1263
-11.8515
-14.9914
-12.6904
-11.2722
-9.3655
-12.4601
-12.9358
-12.5807
-12.7028
-12.5538
-13.7761
-13.0821
-14.9731
-13.5141
-13.1624
-17.0002
-12.2091
-11.7237
-15.4678
-14.6041
-15.0941
-14.7485
-12.8313
-15.0876
-11.9685
-10.8258
-10.5080
-11.6190
-11.2669
-13.7886
-10.4585
-13.5726
-14.6331
-13.8949
-15.3389
-10.8487
-11.6584
-15.4465
-15.8770
-9.2021
-12.1861
-14.7652
-10.5131
-11.5079
-13.3739
-15.2545
-11.2856
-14.3449
-13.6247
-15.2463
-10.8922
-14.6722
-12.2685
-16.0976
-8.8872
-13.4221
-7.7744
-12.6819
-14.3432
-17.1335
-13.8353
-12.9183
-11.7571
-15.3317
-12.7687
-12.3362
-12.0798
-13.1285
-15.9128
-13.5384
-16.1978
-13.6695
-9.7694
-13.7766
-15.1801
-10.6899
-12.8330
-12.2777
-11.6124
-13.4414
-15.6363
-12.9121
-14.8934
-10.6782
-12.8082
-16.4176
-14.9752
-14.3936
-16.3823
-14.7890
-13.0591
-13.2002
-16.6833
-15.9356
-8.7636
-8.9046
-13.0867
-4.8189
-10.9289
-12.8851
-12.2053
-9.3209
-6.8846
-9.0220
-6.9761
-4.2664
-8.2879
-4.6237
-8.5694
-9.8276
-8.7203
-11.2964
-8.4284
-12.9588
-4.4992
-10.7749
-10.8713
-10.0940
-9.8115
-11.2534
-11.0490
-10.7706
-8.5412
-6.5990
-8.8912
-12.8724
-13.8434
-8.7975
-8.8079
-12.3942
-11.1893
-12.6439
-10.3000
-11.8602
-6.9039
-6.4067
-9.6000
-6.2921
-15.6092
-4.7149
-13.0314
-6.6945
-11.5571
-10.9531
-18.2062
-17.5520
-13.5674
-15.0767
-17.1534
-9.8175
-15.1423
-13.0813
-11.0261
-15.8044
-17.4998
-19.4949
-17.9006
-17.6949
-18.5260
-18.8991
-12.8873
-13.5697
-17.7951
-13.8411
-19.3459
-13.6360
-17.1688
-9.5504
-10.3417
-15.9800
-16.4846
-14.0529
-15.2588
-18.5659
-11.8245
-15.6220
-14.4525
-17.0863
-19.6592
-13.7593
-16.6331
-16.3622
-19.5579
-20.0486
-18.2478
-17.5045
-15.6117
-14.3206
-11.3785
-14.5874
-8.3264
-16.2315
-14.8018
-9.7447
-13.8219
-19.4525
-17.1216
-12.6441
-12.4504
-11.8456
-11.7086
-12.5164
-8.5620
-13.7445
-9.3509
-19.3088
-10.1744
-13.2081
-11.9497
-12.0935
-12.9207
-8.8888
-14.4092
-14.8428
-16.8519
-9.8030
-14.1657
-13.5057
-12.5195
-18.8279
-15.2422
-17.7675
-17.7164
-13.6311
-15.5628
-11.1175
-17.2923
-20.5046
-16.5973
-19.1796
-12.9724
-15.8703
-13.9467
-9.5999
-11.6260
-10.1775
-11.3678
-11.3562
-13.3458
-16.6144
-14.9742
-12.4610
-15.5730
-14.4769
-12.2834
-13.9424
-14.8007
-14.1125
-11.5857
-14.4757
-17.1186
-16.9332
-14.3135
-9.0352
-13.2790
-19.7447
-13.9294
-14.0711
-15.0529
-17.2853
-17.7756
-16.9149
-16.9650
-12.4171
-12.7923
-10.4603
-19.1903
-5.4030
-16.2785
-16.4552
-13.2524
-16.4356
-20.9145
-13.1480
-13.0098
-10.8390
-12.7232
-15.8665
-17.1772
-10.8130
-13.7188
-14.5369
-20.1621
-13.4507
-16.6914
-8.5256
-8.7918
-19.3420
-11.7437
-18.3041
-18.4495
-12.4986
-11.0074
-9.0829
-13.1925
-4.4546
-11.1377
-16.6293
-17.3318
-12.4581
-14.8081
-14.1297
-14.9898
-13.0452
-12.9560
-11.9755
-18.1605
-16.7802
-12.8514
-14.7738
-11.1181
-16.9890
-12.8900
-12.7477
-10.8767
-13.9583
-6.8825
-10.9762
-11.1685
-12.7527
-10.9038
-14.8454
-15.0215
-14.7903
-15.2325
-15.6682
-16.3254
-13.1305
-13.0307
-13.0040
-12.9297
-14.3017
-14.7711
-14.6582
-14.9155
-15.9536
-13.2027
-12.9457
-6.9341
-10.8399
-11.1452
-14.6452
-6.1428
-12.9253
-14.9737
-4.1978
-14.0851
-16.3974
-14.5231
-18.9553
-11.1057
-15.2268
-13.4581
-16.8301
-10.8305
-11.7725
-12.2262
-14.2368
-15.6218
-12.9830
-15.5930
-18.0517
-14.6103
-16.1337
-13.2032
-12.4217
-10.0282
-19.1691
-17.0915
-16.9842
-13.6854
-13.8403
-16.3357
-5.7060
-15.9183
-14.0300
-15.2184
-12.8806
-17.5013
-16.3123
-14.6725
-15.9450
-14.5048
-10.2839
-14.2542
-17.7178
-13.5201
-12.1252
-12.6684
-5.4082
-8.7187
-13.2509
-13.2634
-8.7538
-6.1656
-6.2665
-11.9241
-9.9934
-12.4214
-11.9939
-11.6162
-13.8328
-14.0969
-10.6732
-11.2556
-10.7901
-13.0939
-13.0313
-14.8184
-15.3867
-13.0857
-8.9762
-11.8983
-12.5739
-16.2388
-15.2137
-10.6981
-12.0783
-8.1520
-9.9194
-14.0835
-13.2808
-11.3097
-14.4682
-13.5117
-12.2087
-9.5938
-10.4981
-9.3548
-11.2933
-10.3833
-8.7999
-11.7814
-9.4218
-11.8627
-15.3504
-12.7088
-11.9529
-6.8725
-10.4411
-14.6794
-12.8782
-10.6230
-7.3553
-13.0050
-15.1139
-14.4731
-14.6422
-18.5980
-13.8955
-12.8516
-16.7063
-12.9076
-14.7095
-15.5117
-14.0511
-18.3267
-19.4284
-12.9304
-14.0217
-13.8912
-15.5867
-16.1623
-14.9298
-15.2935
-14.7918
-17.8373
-15.8815
-18.2574
-5.7266
-15.6767
-14.3574
-17.3259
-17.6044
-14.0639
-16.4155
-15.2005
-17.9659
-16.8361
-12.0396
-14.5394
-12.9807
-18.6577
-14.4899
-16.7855
-16.3464
-15.2777
-6.8484
-19.7676
-11.1600
-8.7217
-13.1878
-14.9097
-17.7626
-22.0727
-22.3937
-16.8173
-20.6584
-18.7658
-22.0251
-22.5663
-17.2849
-17.1378
-22.4189
-12.6953
-17.2167
-21.6753
-16.5058
-19.6408
-18.5052
-19.5087
-19.0989
-19.1117
-20.4996
-16.2354
-15.1521
-14.6400
-16.7029
-7.0458
-11.2839
-12.6508
-9.0640
-15.3587
-15.5510
-20.0372
-17.2443
-8.7064
-13.6959
-15.7558
-17.0404
-13.2508
-13.4828
-17.2596
-13.2635
-14.0850
-14.0920
-12.9960
-15.9529
-16.6091
-14.5180
-4.9047
-9.2894
-16.6333
-8.4577
-18.2071
-16.2074
-10.1770
-11.6608
-15.9095
-12.3945
-16.4008
-16.8702
-16.5935
-18.2854
-17.6741
-18.3797
-16.7428
-10.8047
-8.8767
-16.8952
-16.6304
-12.6622
-13.2976
-13.1806
-17.1323
-15.4743
-15.6220
-14.6277
-16.7383
-12.7631
-13.9561
-7.0993
-16.0545
-15.7401
-19.0271
-19.2514
-20.0807
-17.2861
-17.8845
-17.8137
-17.1281
-20.0023
-9.8315
-18.5641
-8.6964
-16.3891
-15.5037
-13.2951
-20.2691
-15.9087
-16.5488
-17.3820
-17.3355
-17.9336
-16.1518
-17.4414
-17.7392
-17.4517
-18.8861
-21.3186
-16.8200
-18.7266
-15.3791
-19.4838
-17.5200
-19.0039
-12.6932
-13.1231
-4.6260
-13.2648
-19.4942
-3.7449
-16.6782
-12.2634
-9.4274
-15.7618
-17.2300
-15.4327
-12.5591
-12.8827
-19.2227
-9.4864
-13.1009
-9.4127
-19.2110
-19.1348
-17.6751
-20.9286
-0.7233
-17.2130
-17.4420
-7.3616
-17.8433
-18.9873
-18.5755
-16.5961
-14.2809
-15.6955
-16.5098
-16.9561
-19.6777
-17.2731
-22.2557
-20.1453
-17.8386
-21.2727
-16.7678
-15.0997
-18.7173
-18.1033
-19.1059
-18.2148
-18.2764
-18.8813
-17.7850
-9.6567
-9.2185
-15.2490
-15.5064
-15.1632
-14.6759
-18.1892
-13.4738
-11.4944
-14.7905
-13.7842
-14.9370
-17.0359
-19.3202
-13.7413
-18.4627
-21.3318
-17.2160
-19.9188
-17.8783
-19.0243
-15.6352
-13.3331
-20.4567
-13.7068
-13.9931
-16.7776
-13.0965
-15.7729
-16.2888
-16.4902
-12.8626
-12.9279
-12.7903
-11.8769
-14.0924
-14.5233
-11.8859
-14.2574
-15.3544
-16.9798
-18.0124
-12.5760
-13.8626
-12.8870
-16.5322
-15.3531
-14.4753
-15.8223
-14.1665
-14.8650
-13.9473
-15.8371
-12.6012
-10.8618
-17.2041
-14.6361
-18.0182
-20.4171
-17.6739
-10.9854
-8.6882
-16.7224
-15.1680
-14.0131
-12.1621
-15.3551
-14.4425
-14.5076
-14.4296
-17.4786
-14.7560
-14.4873
-16.8765
-17.0744
-19.4058
-20.6245
-19.1200
-18.3580
-11.5281
-16.7204
-14.8179
-8.6239
-13.3866
-10.7390
-13.2077
-8.5829
-11.3604
-12.5491
-13.0447
-14.2111
-7.4012
-9.9795
-13.0880
-11.5422
-10.6077
-12.9286
-12.4091
-15.9146
-16.1944
-12.0221
-11.1834
-12.9103
-14.6542
-11.4024
-6.0174
-9.7528
-13.5130
-13.2531
-14.4064
-6.5975
-12.8891
-12.7296
-13.2134
-12.9842
-11.2226
-12.3349
-10.9495
-13.2756
-13.0344
-10.7667
-17.1108
-10.3334
-12.8337
-14.4976
-13.0412
-9.7270
-8.5290
-15.9678
-19.4366
-21.1745
-18.5562
-21.6520
-19.1395
-17.1385
-16.8127
-16.8195
-15.2583
-18.4277
-16.5797
-18.8150
-18.0063
-16.9588
-13.4203
-17.2417
-11.2010
-16.9113
-15.2726
-17.4563
-17.2841
-15.0583
-16.9829
-24.1372
-13.5579
-19.9777
-13.3764
-13.7083
-13.3478
-15.2652
-13.1039
-15.2585
-26.3067
-19.7992
-12.9582
-12.9211
-21.6954
-15.0808
-12.3478
-13.4896
-17.2412
-12.7899
-16.6801
-19.2587
-13.2749
-17.3083
-15.4212
-18.7697
-19.2865
-15.9640
-17.2475
-17.3121
-14.8290
-19.3633
-18.5676
-17.2032
-18.4299
-7.3125
-16.6009
-17.1938
-15.7482
-9.4159
-7.4031
