-6.5428
-12.7115
-10.9256
-10.6451
-14.7400
-10.7079
-12.9050
-13.7440
-12.5473
-13.3559
-13.1390
-13.5092
-1.3511
-14.0927
-9.8465
-14.7300
-15.5032
-12.1386
-15.2820
-11.4611
-3.6919
-14.4897
-11.2804
-10.9024
-9.3517
-13.3830
-12.7382
-11.7737
-14.5056
-5.4603
-9.1052
-9.8919
-13.2386
-8.5057
-9.6461
-9.5496
-11.7145
-6.2140
-7.9834
1.6532
-8.4841
-2.8073
-8.1490
-8.8891
-2.5607
-2.9835
-9.7869
-11.1990
1.2177
-4.5675
-4.8691
-5.9950
-5.4853
-8.1721
-10.9829
-5.0905
-1.1343
-4.9433
-6.4311
-3.7204
-9.3142
0.7724
-4.1679
-4.2418
-11.5939
-8.5322
-9.8666
-6.1652
-10.3531
-9.8269
0.7137
-11.1780
-8.4344
-12.6684
-10.3921
-5.9449
-6.6422
-7.2617
-6.0347
-4.3280
-11.5403
-11.1221
-12.3012
-2.1436
-9.4611
-5.6762
-7.8477
-5.9454
-5.7114
-5.5106
-7.2014
-6.8411
-6.2649
-6.6591
-9.8192
-6.0838
-4.5242
-9.5081
-7.8268
-5.4820
-8.6218
-5.7055
-4.3309
-5.9638
-11.2058
-10.2480
-12.0058
-9.4592
-8.1905
-7.9685
-7.3159
-6.0057
-5.5242
-6.1432
-8.8768
-2.7100
-4.5035
-5.2655
-5.1562
-5.0980
-8.0609
-8.7998
-7.8979
-9.9598
-6.9944
-8.4577
-7.4977
-5.1138
-7.5580
-10.5664
-3.8432
-9.5571
-9.0239
-2.4675
-2.7094
-8.4613
-7.4543
-6.9763
0.3079
1.7764
-6.4641
-10.6952
-10.3328
-4.7706
-7.4993
-6.8736
-6.6134
-12.1692
-10.1125
-7.6772
-11.6754
-7.9356
-7.5000
-8.9922
-5.9993
-7.8159
-5.8340
-6.6467
-6.9826
-9.3593
-9.1130
-7.4962
-13.0139
-11.0075
-7.7974
-4.1982
-9.2897
-9.9036
-9.8450
-7.1463
-8.8974
-8.6203
-11.6067
-9.3335
-2.2070
-3.6370
-10.6858
-3.8293
-12.0674
-9.3769
-10.9857
-5.5151
-9.5677
-9.6896
-9.4564
-5.3529
-1.2714
-8.5223
-6.7248
-8.7103
-3.9962
-6.8685
-9.1631
-9.7108
-7.6132
-9.2849
-9.4412
-3.1588
-9.5849
-7.5436
-4.7623
-5.9814
-11.9627
-8.1304
-6.5387
1.7982
-9.6057
-11.4723
-0.9970
-8.0264
-4.0932
-9.0307
-8.1781
-7.1175
-7.6621
-6.7914
-6.1609
-4.2733
-7.1632
-9.9590
-6.4188
-5.0664
-7.1664
-7.6331
-5.2065
-4.7894
-4.4422
-10.8598
-7.6277
-6.1968
-9.3208
-8.8175
-6.4197
-3.6751
-7.3764
-6.3704
-11.0996
-7.1437
-12.9206
-6.3681
-10.0127
-8.6702
-4.1337
-9.7602
-10.3287
-8.9061
-4.5974
-5.2883
-5.1638
-7.7183
-6.0427
-7.6471
-9.8167
-9.1224
-5.0462
-4.6977
-1.0870
3.5162
-7.3128
-10.4971
-14.4702
-14.1663
-7.2428
-5.0669
-9.9622
-10.0124
-11.0534
-8.6995
-9.2028
-10.2018
-12.7644
-8.0979
-10.3738
-12.1129
-12.1114
-4.0047
-6.6657
-11.9596
-12.9958
-11.9111
-12.5282
-8.8086
-11.0729
-7.8173
-10.6629
-13.9966
-16.1502
-13.1594
-12.6950
-14.0457
-11.2913
-13.1312
-13.6495
-13.3528
-13.1315
-11.9595
-6.8118
-13.3420
-13.2126
-11.6583
-4.6690
-11.2719
-11.9187
-14.3458
-13.6298
-13.8169
-4.3697
-12.7604
-9.6163
-7.9643
-3.3930
-11.6532
-11.0897
-9.1744
-12.8165
-8.8764
-10.4874
-8.5676
-9.2905
-10.0198
-10.0689
-10.6541
-7.5785
-10.5905
-11.5846
-4.9722
-10.0838
-2.6146
-10.1330
-15.0407
-11.1046
-9.9253
-9.6180
-13.1603
-11.9415
-13.3041
-11.0763
-11.2024
-11.2924
-3.8343
-10.9486
-12.3474
-13.3338
-6.4420
-11.3236
-10.0305
-9.7785
-1.2136
-10.2252
-13.2767
-10.7310
-8.7519
-7.0281
-2.7712
-6.6784
-9.8648
-7.9633
-6.6772
-4.2942
-7.1551
-0.0095
-8.5343
-9.7624
-7.2411
-8.2455
-7.9474
-8.3858
-8.1642
-6.3559
-9.3298
-7.7378
-8.0244
-3.3504
-8.4930
-9.7208
-9.9837
-10.1314
-10.5135
-8.9456
-6.4846
-1.3963
-3.4932
-9.6618
-8.5744
-8.0797
-11.9335
-11.6696
-7.0744
-9.7681
-10.1325
-8.2963
-0.1904
-8.1160
-6.1938
-9.9520
-10.7035
-9.6535
-8.4901
-1.4426
-10.0674
-12.3702
-4.8392
-7.9865
-9.2707
-10.4233
-8.7014
-8.4987
-8.0604
-13.8026
-13.4711
-12.9275
-14.2355
-14.7500
-9.1715
1.7705
-13.2168
-13.0846
-9.1195
-14.7695
-13.1522
-15.3250
-13.0766
-13.3914
-13.6435
-12.7558
-13.4602
-6.5884
-2.9398
-6.1550
-6.2789
-5.9424
-9.8970
-7.2071
-10.2704
-8.9468
-6.3127
-8.1064
-8.3478
-7.1971
-3.0382
-8.1743
-5.8983
-9.4569
-7.5431
-11.7245
-9.4464
-10.1165
-7.0998
-11.5096
-7.3077
-8.3918
-6.1707
-8.1663
-9.0763
-8.5964
-8.5833
-8.5562
-8.9224
-7.8345
-4.8947
-8.4176
-8.0174
-7.5824
-7.8849
-12.6523
-8.9203
-6.2194
-7.5379
-8.1314
-8.3064
-11.5609
-6.4098
-8.5731
-8.8007
-8.5411
-4.8944
-6.9880
-6.1715
-9.4464
-8.5765
-12.0169
-7.4255
-4.9307
-10.1626
-10.7408
-11.3174
-6.1348
-6.1627
-6.6852
-9.8247
-8.7821
-12.3852
-12.2087
-9.8921
-14.5568
-10.3720
-10.1917
-11.0046
3.1586
-4.7785
-6.3109
-13.0416
-12.2167
-4.8850
-13.0304
-11.8447
-7.8563
-11.2906
-9.2659
-14.0444
-13.3999
-12.4571
-9.0359
1.1541
-8.2531
-8.4104
-9.7151
0.9545
-5.9284
-2.9755
-6.4226
-8.8211
-9.1739
-6.8021
-10.1367
-6.2763
-10.4700
-12.2212
-9.7057
-13.3441
-13.5004
-13.0903
-7.2983
-2.2105
-11.3078
-8.8169
-11.1414
-11.7360
-11.8091
-10.1365
-12.0437
-10.4128
-9.8887
-9.4822
-8.6877
3.2643
-10.9202
-10.4040
-10.1322
6.5515
-10.6468
-9.7047
-8.9388
-0.9801
-7.3130
-9.8994
-8.0985
-7.4218
-4.2433
1.9757
-6.5938
-0.0481
-3.1589
-11.6811
-8.8478
-6.7203
-10.8251
-5.1253
-4.8992
-4.8248
-9.8469
-3.9615
1.2128
0.3522
-7.5730
-7.1328
-5.9379
-7.2213
-8.2700
-9.0564
-4.0204
-6.6320
-4.8284
-5.7238
-8.6788
-9.9054
-9.2914
-7.4169
-6.4478
-8.9987
-6.0855
-4.8300
-6.2290
-8.9258
-9.2783
-6.7248
-9.3506
-6.7590
-6.6745
-2.6267
-5.8165
-6.8156
-10.9008
-2.5227
-6.6473
-9.7523
-7.8874
-4.0737
-7.6372
-6.6822
-8.2210
-7.4787
-5.1658
-8.9115
-0.1853
2.4831
-7.3474
-7.4249
-7.2000
-7.8281
2.5168
-10.0777
-10.3354
-4.2856
-10.1620
-4.2024
-7.5244
-11.7734
5.9392
3.8783
-4.5475
-9.9411
-8.0399
-1.8349
-9.3231
-8.6554
-8.1914
-3.0828
-6.9734
-9.3416
-12.3048
-6.8718
-13.6788
-11.8857
-6.5617
-12.3253
-7.7667
-7.8128
-11.0942
-11.5945
-10.3530
-12.5623
-0.7395
0.7550
-12.1024
-15.2968
-13.0106
-2.5165
-3.6320
-5.6604
0.3273
-3.5410
-5.3536
-6.5794
-4.5832
-4.4516
-5.0152
-5.9057
-6.2922
1.2263
-2.0778
-6.4188
-6.5241
-5.7881
-6.6854
-5.2149
-3.6582
-6.9659
-5.8992
-4.1317
-8.3565
-6.4666
-5.2031
-4.4823
-8.3385
-8.7048
-6.6659
-6.6011
-2.1036
-9.3176
-5.0652
-10.2554
-6.4243
-5.1971
-2.4906
-7.3769
-5.2709
-4.6606
-6.2979
-7.1533
-4.8662
-1.1728
-0.8070
-1.4067
-7.7874
0.9413
-4.9146
-12.6796
-5.4333
-6.1288
4.3574
-6.6942
-10.0548
-10.9922
-7.6013
-10.7859
-11.2103
-6.5450
-9.6084
-9.1867
-8.4094
-8.1739
-8.6914
-9.7409
-10.4179
-9.0516
-9.3515
-5.6972
-5.2164
-4.8471
-8.4698
-9.8545
-12.6637
-5.6465
-8.2876
-8.0775
-11.0781
-9.7350
-10.2410
-10.2130
-7.7396
-8.3730
-8.5598
-9.7439
-6.8869
-10.0586
-10.0841
-11.6992
-11.3502
-11.6676
-10.6619
-11.9313
-9.6343
-11.2867
-6.0065
-6.6415
-7.4958
-6.1218
-6.7569
-6.6457
-3.5569
-8.2974
-11.7827
-10.5878
-7.4113
-8.0724
-8.4679
-8.6224
-5.4723
-7.5590
-2.5149
-3.2141
-8.2803
-8.2152
-9.7802
-6.0752
-7.2739
-8.8399
-10.3201
-7.2720
-7.5604
2.0173
-1.3803
-10.0894
-10.0703
-5.2303
-6.9170
-11.8028
-12.9197
-10.5070
-6.1570
-7.1523
-7.4828
-1.8862
-4.4563
-3.7591
-3.7666
-7.3583
-7.7249
-8.6900
-12.2959
-6.1042
-7.9751
-5.2129
-8.9069
-8.1369
-10.7303
-12.1177
-7.5236
-9.5103
-7.8051
-9.2314
-14.6725
-13.0511
-7.1297
-14.6613
-12.8361
-10.6689
-13.2221
-13.9359
-13.4367
-6.9154
-13.0274
-6.5281
-14.4427
-14.1897
-7.6444
-8.6413
-9.5320
-10.5515
-9.2079
-9.4650
-13.8926
-13.4226
-11.9988
-10.0068
-8.6650
-8.6817
-13.2292
-7.9501
-5.3869
-5.8211
-12.1245
-12.2336
-9.4394
-12.6709
-13.0307
3.9980
-9.2156
-8.5852
-11.6388
-9.8089
-10.6618
-6.2279
-7.2409
-7.5025
-8.2595
-8.9573
-8.3412
-8.8663
-8.3796
-5.4888
-9.2487
-9.1076
-8.9222
-8.5691
1.0376
-9.2561
-10.0920
2.9056
2.6562
-11.4241
-10.5014
-13.5877
-0.7442
-13.8391
-3.9314
-9.9269
-11.8540
-13.5912
-8.1622
-7.4351
-7.8145
-1.7329
-10.3249
-11.6805
-10.0423
-10.4545
-9.0754
-10.0311
-10.9291
-9.3606
-6.8744
-9.0579
-2.0223
-9.1179
-4.0361
-13.0579
-6.7627
-9.5498
-7.3074
-7.4817
-9.4253
-10.1244
-8.4040
-9.9047
-7.4659
-12.3720
-13.8781
-8.1423
-11.8977
-11.3910
-11.2968
-13.6989
-13.7596
-11.7954
-12.2443
-11.6874
-13.2783
-9.4232
-9.7939
-14.3032
-10.8266
-8.1150
-9.4612
-12.3325
-12.8527
-9.8015
-6.2844
-12.1206
-7.0547
-5.6201
-9.7928
-10.8019
-5.9257
-11.7767
-10.9201
-10.9193
-9.1424
-11.9233
-13.0823
-13.5826
-13.4381
-10.1962
-12.8446
-0.1949
-10.3411
-11.5341
-11.3487
-7.3221
-11.9714
-11.0871
-6.7280
-11.7500
-3.2492
-9.1717
-7.0783
-12.8690
-12.5248
-11.9937
-11.3788
-10.2631
-10.1740
-9.2692
-12.0731
-7.3645
-9.2127
-9.9165
-9.4922
-9.2405
-1.9258
-9.1387
-8.5559
-11.1326
-10.4023
-10.1050
-11.1018
-10.7672
-9.5923
-10.6504
-10.6102
-9.5217
-9.4175
-10.3594
-9.2662
-9.7763
-11.1712
-10.7405
-9.1767
-8.9383
-7.3204
-9.4888
-12.1235
-7.5477
-9.2305
-9.2631
-9.9359
-11.7834
-5.8859
-9.2436
-10.7667
-5.4101
-11.2234
-6.0452
-9.3192
-7.6450
-6.2849
-8.2284
-3.3560
-2.9849
-13.8480
-3.7842
-9.5975
-12.9593
-11.0714
-10.9083
-13.2168
-12.0500
-9.5283
-11.3665
-9.5799
-4.4317
-5.5500
-10.1768
-11.8465
-5.5987
-10.2769
-11.0220
-11.1819
-12.1036
-9.4063
-7.9731
-9.3115
-10.4789
-10.5070
-6.8958
-8.0684
-9.5044
-10.3366
-9.4577
-9.3115
-8.3545
-4.1148
-11.5678
-7.2107
-8.0845
-5.7108
-10.4887
-5.3348
-8.5353
-8.0942
-6.9724
-12.8260
-9.4686
-9.0282
-5.9658
-4.3533
-12.0137
-13.2548
-10.7988
-13.8291
-12.1552
-10.8631
-14.5875
-2.2619
-11.9454
-14.8483
-11.9432
-12.7245
-13.3623
-11.0479
-12.2567
-13.1123
-13.6118
-7.7492
-13.5272
-6.8834
-14.4767
-14.0542
-8.1334
-8.3403
-6.6749
-8.2179
-8.5318
-12.1945
-9.8940
-13.9397
-13.4432
-13.5209
-12.4734
-11.3024
-11.0384
-10.8255
-12.9204
-8.8113
-8.6554
-10.7083
-11.5936
-9.7342
-11.2631
-14.9769
-8.3786
-9.9756
-10.1201
-13.3023
-10.6718
-12.9594
-9.3898
-9.3818
-10.0805
-7.6411
-10.6048
-11.3672
-9.9982
-8.7854
-11.6209
-10.9369
-10.1015
-9.8961
-11.8585
-11.6180
-9.3189
-9.2103
-12.1117
-11.7983
-10.3504
-9.2110
-12.4563
-11.0364
-10.8736
-8.3603
-8.6418
-6.2756
-12.0874
-8.2527
-6.9488
-7.2718
-8.7432
-9.3431
-10.6422
-7.5654
-8.8040
-9.3075
-7.1622
-15.0016
-12.9988
-5.0844
-6.7251
-10.7033
-5.3494
-8.1900
-10.2694
-6.1278
-8.6536
-7.7007
-2.5990
-6.6684
-6.7153
-7.8109
-8.2410
-8.1599
-8.4509
-10.2638
-14.1346
-2.3593
-11.8113
-13.9397
-14.2419
-12.1930
-4.7933
-0.6836
-4.4832
-10.6003
-0.5096
-13.0899
-9.0069
5.6039
-11.7911
-11.5771
-14.1023
-8.6501
-11.4425
-12.0329
-11.0620
-12.8224
-11.4237
-12.6026
-9.8187
-7.1108
-12.2296
-4.8595
-4.1887
-4.7314
-5.1283
-8.3787
5.4293
3.6507
3.8977
-6.9774
-0.5440
-3.6685
-10.8688
-4.4615
-7.8239
-5.0478
-6.9081
-5.8272
-7.8408
-4.9323
-1.0769
-3.7265
-4.3788
-7.3827
-7.0306
-5.9809
-6.4133
-4.6803
-2.2795
-5.1751
-5.7090
-6.9684
-5.6514
-6.2720
-10.2091
-5.4471
-2.5190
-6.8658
-7.2784
-4.4128
-7.3542
-8.7747
3.7241
-9.9117
-3.7237
-6.2558
-6.5369
-10.5958
-12.2981
-8.8781
-12.3295
-11.2494
-11.9043
-10.1283
-11.4866
-10.4391
-12.5347
-7.4080
-8.6309
-11.1674
-11.2879
-11.7896
-10.1993
-13.1637
-12.0943
-11.0867
-10.8400
-9.2913
-9.5330
-9.0249
-7.8434
-6.6079
-8.0903
-1.5096
-8.4512
0.0672
-11.2056
-10.0964
-11.3972
-6.1236
-6.0655
-9.9716
-9.6419
-7.0693
-5.7623
-10.4476
-9.4077
-10.9738
2.2269
-9.0596
-9.2271
-6.7457
-7.0611
-5.3626
-8.4469
-7.7383
-6.0150
-2.1548
-5.2005
-5.9125
-4.5451
-7.6831
-5.5800
-7.7867
-7.0357
-7.7058
-4.8277
-8.6367
-7.6335
-7.2885
-8.2584
-6.2068
-6.2813
-7.1434
-7.6480
-6.0395
-10.4524
-6.5270
-5.2216
-4.8137
-7.6422
-7.7607
-6.1474
-10.5429
-9.1810
-4.5890
-4.7240
-5.0188
-3.7667
-4.7871
-4.7624
-0.2838
-8.4344
-6.2035
-4.5113
-6.6728
-8.6205
-8.3435
-3.0162
-9.0334
-6.6241
-3.4916
-11.8148
-8.8504
-12.1197
-10.7893
-11.1960
-11.3514
-3.2007
-10.6407
-11.9124
-1.7749
-4.8013
-8.6838
-6.3812
-8.8887
-8.7936
-2.1394
2.5930
-11.7568
-9.4919
-12.5493
-6.8279
-11.4616
-14.3112
-10.6167
-8.5566
-9.7913
-6.0303
-10.1218
-15.0446
-11.7658
-12.3798
-12.6197
-11.7372
0.8709
-6.6700
-4.7054
-7.2841
-6.9551
-9.4682
-6.8012
-3.6134
-2.1247
-3.4215
-8.2227
-6.5146
-6.1307
-6.1757
-9.1986
-7.3664
-5.4564
-9.0549
-7.4185
-11.3564
-6.9325
-6.0153
-11.5219
-8.8298
-8.3928
-10.5909
-6.0757
-7.0686
-6.5219
-8.9358
-9.8716
-5.4963
-6.6319
-7.6337
-8.6131
-10.4366
-8.1236
-8.2826
-9.9299
-9.1231
-5.9153
-9.7056
-8.4191
-7.1387
-1.0429
-8.6048
-8.2457
-0.7263
3.2365
-8.8224
-0.6829
-3.5482
-5.6774
-6.0536
0.0169
-8.0981
-6.9042
-6.6977
-5.9616
-4.9848
-5.4037
-6.0444
-4.7455
-4.3121
-5.5704
-7.6726
-4.8295
-3.5074
-5.9235
-5.6390
-6.4614
-7.2651
-5.9907
0.0663
-7.3664
-7.4711
-5.2743
-4.7471
-9.9998
-3.7543
-3.6848
-8.2790
-3.2635
-9.3826
-5.5338
-5.6758
-2.3920
-7.3514
-2.7190
-5.9786
-6.5523
-2.2573
-9.1695
-6.2424
-7.2383
-4.5389
-2.3890
-5.6243
-2.7845
-5.8029
-9.0796
-6.9540
-4.7809
-6.1333
-1.7530
-6.3554
-6.8564
-8.4928
-7.7496
-7.8328
-11.8158
-9.9427
-6.5716
-3.6947
-6.5294
-6.6351
-9.2685
-8.3670
-8.0292
-10.0053
-7.5053
-5.5687
-8.5814
-4.5948
-4.6503
-5.1553
-5.4622
-5.4874
-7.7243
-5.3418
-8.3642
-8.9483
-7.6315
-9.1696
-7.4024
-9.5954
-4.6494
-2.1255
-0.7367
-3.4737
-0.6578
-6.0603
-5.6696
-3.0559
-2.1377
-3.5500
-4.4682
-4.2817
-4.0844
-0.2841
-1.2593
-6.8544
-4.7939
-5.2065
4.1910
-5.4141
-3.5393
-1.6001
-0.8582
-8.7551
-9.1105
-9.6535
-1.7737
-1.7452
-9.3600
-2.5991
-8.5396
-6.3183
-11.2607
-4.9789
-1.1211
-3.9273
-3.5720
-1.6001
-3.8522
-7.4577
-8.7389
0.0391
-11.6850
-10.8997
-1.7862
-8.8592
-3.7419
-5.6658
-3.7962
-5.7152
-7.5815
-10.5367
-7.1854
-10.3778
-7.0093
-9.2815
-6.8631
-8.6968
-12.2012
-9.0040
-12.5103
-7.7095
-4.7751
-8.2799
-8.1267
-11.2425
-10.2905
-7.9023
-10.4722
-5.3998
-9.0773
-8.1591
-8.6805
-7.0245
-7.9002
-13.6421
-13.1346
-7.1324
-7.8893
-13.7093
-13.3836
-9.0265
-14.5850
-7.4645
-7.6844
-7.2924
-6.8164
-12.4391
-10.2097
-9.1812
-12.8795
-8.8940
-7.5336
-9.4018
-6.7276
-3.3310
-7.9833
-9.0736
-8.9750
-12.2070
-6.5694
-11.0290
-7.4634
-9.3962
-8.0010
-10.3021
-7.2441
-3.9803
-8.0777
-8.3130
-9.4418
-10.7763
-13.5936
-6.6479
-8.5780
-10.4619
-7.9730
-12.8322
-5.2329
-11.7480
-12.0830
-8.3468
-6.3732
-7.9197
-12.2314
-8.5828
-10.0185
-8.5797
-13.0333
-8.3687
-7.9287
-10.7152
-8.8074
-13.2030
-8.2950
-7.0482
-7.8269
-13.6329
-10.1754
-11.9837
-12.3617
-9.7748
-10.7214
-11.3677
-5.0407
-9.0259
-12.5414
-9.9547
-9.9902
-12.4257
-9.0510
-6.5551
-6.4126
-6.6655
-12.3245
-7.7591
-10.8205
-10.1704
-14.2029
-13.2870
-8.8991
-14.7369
-14.7252
-11.7347
-13.3960
-12.3429
-12.0529
-9.9930
-12.7214
-11.8037
-11.2109
-8.3825
-11.7478
-11.8149
-10.1241
-14.7127
-8.0548
-8.0103
-11.8487
-12.5441
-13.0232
-14.7356
-12.7521
-13.0292
-12.8798
-14.1791
-11.4098
-11.2613
-5.6887
-14.7511
-11.0002
-6.2503
-6.2244
-9.2080
-7.4526
-7.5514
-9.4764
-4.9351
-13.2411
-9.5390
-13.7494
-7.8442
-6.8361
-9.2951
-8.0929
-6.0899
-5.4640
-9.1679
-8.9652
-14.5774
-7.0220
-9.6928
-9.7410
-10.2908
-12.6524
-10.7082
-11.6717
-8.9961
-11.0610
-18.1571
-0.3723
-10.2880
-12.8075
-10.1164
-10.0257
-11.8752
-9.7331
-9.4876
-8.5585
-6.1812
-7.7464
-10.6054
-8.2430
-12.7018
-8.7101
-16.3523
-13.4775
-5.7625
-11.0848
-13.1804
-15.0081
-8.0136
-8.9997
-9.8264
-7.6669
-7.4014
-7.6659
-8.6799
-7.3293
-6.6129
-9.9666
-7.4992
-12.8530
-12.3221
-8.7284
-6.7612
-7.9998
-11.4100
-8.0588
-7.6647
-5.5850
-8.3904
-8.0341
-13.4239
-11.5706
-12.1033
-11.9606
-7.9775
-8.9711
-13.5671
-5.4636
-12.6861
-9.2506
-9.4315
-5.1005
-8.4398
-14.5259
-10.7330
-12.4098
-9.2528
-12.7666
-9.5186
-8.8184
-9.9839
-17.5432
-11.6355
-13.4045
-10.5233
-10.8745
-14.9602
-7.8394
-8.7060
-15.8033
-10.9261
-10.7463
-5.7708
-9.3452
-4.0011
-10.9632
-8.8661
-8.1212
-9.3333
-8.8002
-12.7526
-9.9614
-8.2254
-12.8770
-5.5597
-10.3033
2.8625
-9.7268
-13.5825
-6.8023
-3.6125
-7.3033
-8.8553
-12.2049
-12.2710
-13.0970
-12.9199
-11.6470
-5.8239
-11.5349
-11.6126
-13.1693
-13.3983
-12.0410
-5.7249
-5.6307
-13.7082
-3.9890
-5.7111
-8.5375
-8.7383
-9.5143
-6.4403
-6.2477
-5.0824
-5.6482
-6.1774
-8.5398
0.3968
-6.0165
-9.3985
-8.4516
-11.0174
-8.6731
-8.4353
-10.4977
-5.6293
-13.7565
-7.1142
-10.0375
-8.8379
-10.9148
-12.3528
-10.6060
-9.2433
-7.4606
-9.3464
-10.9282
-13.0423
-8.8774
-6.4277
-10.4960
-13.6058
-10.6828
-8.8193
-13.3627
-7.9474
-11.3587
-7.0158
-8.9735
-13.1325
-13.1272
-13.7337
-10.0032
-10.6145
-11.7985
-10.2170
-11.4782
-10.0123
-7.3042
-10.8253
-9.4537
-5.8377
-7.7026
-9.1901
-7.6678
-10.9440
-6.9994
-6.0278
-9.4079
-7.0908
-5.3459
-9.2438
-8.8947
-9.6470
-12.0291
-6.7931
-9.3167
-7.0723
-4.5173
-5.3748
-11.2570
-10.2466
-8.7089
-11.6263
-11.7419
-11.9626
-11.8799
-11.1331
-12.5851
-10.6935
-8.0584
-7.6633
-7.8611
-8.4972
-8.3268
-12.5792
-9.3751
-9.8126
-9.1206
-9.0876
-4.4369
-5.3579
-7.1585
-10.9956
-6.3079
-11.0695
-5.2213
-6.9931
-6.7851
-9.2177
-7.7454
-10.2828
-8.4886
-8.7025
-7.9069
-10.3157
-7.3721
-11.6476
-11.3441
-10.0457
-10.3958
-9.2115
-10.0124
-6.1189
-4.2129
-9.6744
-11.0744
-11.5341
-11.3229
-11.2372
-10.2215
-12.7888
-10.3461
-10.4899
-10.1715
-8.9591
-7.3069
-7.2565
-7.3099
-9.9574
-7.2347
-6.9263
-13.3515
-12.0061
-10.2265
-8.6366
-11.1468
-8.1370
-11.4432
-13.0607
-12.6261
-11.3884
-7.1738
-14.5048
-4.9026
-4.8936
-8.6211
-4.0208
-9.6911
-3.9868
-6.8953
-6.5807
-5.0211
-6.6105
-5.4303
-2.7329
-2.6674
-7.4671
-3.9150
-3.0602
-4.4578
-8.9219
-5.3227
-5.1951
-8.1894
-6.7119
-5.1728
-7.1863
-7.0909
-3.7799
-10.0720
-7.4079
-6.1820
-8.2579
-6.0748
-1.8760
-6.8992
-6.2191
-6.2428
-5.1572
-5.3869
-5.8314
-6.3738
-6.2301
-5.6496
-9.1994
-11.3975
-12.1828
-7.0992
-4.0541
-7.0133
-1.4638
-9.6216
-4.1832
-3.8440
-8.3232
-8.8225
-7.5674
-9.3770
-6.9319
-4.5293
-9.3549
-6.7829
-7.8589
-8.2104
-6.0500
-9.0540
-4.4538
-7.2805
-7.8171
-9.5761
-11.5072
-2.3130
-4.7246
-11.3284
-12.5440
-11.1591
-11.8522
-12.7101
-10.0708
-8.5307
-12.1024
-12.8767
-5.7052
-5.7634
-12.3768
-15.6890
-14.2167
-12.2239
-11.8622
-15.0780
-13.9628
-13.9841
-13.8809
-15.1229
-13.5460
-11.1201
-15.1366
-11.7727
-10.7303
-6.4986
-7.0262
-11.5401
-5.4534
-11.1455
-7.9178
-9.1136
-13.5078
-9.8901
-2.5983
-7.4182
-10.3662
-13.3655
-13.5987
-12.7610
-11.5908
-12.5779
-11.9005
-14.3507
-14.4245
-12.3332
-14.2491
-12.2697
-11.5910
-13.9584
-9.9096
3.5616
-5.2512
-9.4770
-8.1196
-7.0560
-8.6094
-10.1292
8.2301
-4.4737
-10.0239
-9.9054
-10.0840
-8.5500
-7.7742
-9.1144
-12.2998
-7.2611
-10.6760
-6.9171
-9.3144
-8.0915
-7.1913
-11.0119
-2.4820
-11.0067
-4.6453
-9.9915
-6.3417
-6.7847
-11.0216
-9.1364
-9.8921
-12.2274
-1.4708
-0.7274
-12.3220
-7.4174
-11.5236
-10.6343
-11.3690
-11.4142
-9.0671
-0.8720
-14.2520
-8.5148
-9.1182
-9.1443
-12.7698
-8.8376
-8.0846
-11.9677
-10.7004
-3.6990
-4.7329
-11.3963
-7.5152
-11.6492
-14.3124
-10.8624
-10.7473
-14.0855
-14.7440
-10.5891
-11.9828
-12.2585
-11.5645
-10.5159
-11.3518
-12.4392
-11.8733
-11.0662
-13.8068
-12.7480
-9.3178
-1.7577
-10.5681
-9.9585
-8.6821
-10.0371
-2.7361
-11.6276
-12.5880
-9.9842
-11.6991
-0.8809
-10.6441
-8.5349
-9.1061
-12.4272
-3.4067
-0.3597
-11.9093
-11.0766
-7.6732
-11.3699
-10.5797
-9.6360
-7.8357
-13.6555
-5.8223
-9.4764
-0.4009
-10.8870
0.9305
-10.3292
-12.0730
-14.7532
-4.4927
-7.6012
-5.5183
-8.4947
-9.6120
-7.9459
-10.5310
-6.0073
-9.7205
-9.3064
-12.1328
-11.5927
-9.9260
-12.6681
-9.6446
-10.9635
-11.2983
-5.9328
-8.0661
-7.1606
-8.1106
-8.1681
-12.5446
-7.8028
-8.1790
-8.7115
-12.1902
-10.3228
-12.3138
-12.2606
-6.5957
-12.2024
-9.0010
-12.4089
-11.4916
-7.9968
-6.4848
-6.6339
-8.1390
-9.6765
-8.7361
-6.2775
-8.0779
-7.7367
-9.4370
-6.0057
-14.5679
-10.4115
-11.5275
-12.1110
-11.1641
0.6665
6.2916
-6.3873
-4.8894
-10.8079
-5.0354
-8.9171
-9.3828
-6.3203
-6.8661
-8.3677
-9.2385
-9.0658
-9.5338
-8.8163
-8.0095
-12.3973
-6.8666
-11.6431
-7.8691
-8.1545
-9.6780
-10.0443
-9.1179
-3.0581
-9.6974
-9.3136
-8.5907
-8.2918
-8.6344
-4.6611
-8.4087
-11.1952
-7.0868
-9.7712
-10.1504
-9.1644
-7.4348
-10.7710
-11.1358
-8.1250
-7.3350
-10.3395
-8.0551
-10.9992
-9.4221
-10.0430
-8.9981
-8.0690
-9.6114
-9.1064
-10.8801
-8.2436
-9.4188
-6.8373
-7.1178
-9.7193
-9.6634
-8.2622
-9.7686
-8.8221
-8.2607
-9.1303
-7.8240
-3.8897
-8.1911
-9.0140
-11.5640
-9.0153
-12.1524
-4.6114
-5.5780
-5.4293
-9.5595
-10.6733
-9.1019
-12.9077
-10.0105
-11.2567
-14.1672
-13.0415
-13.5048
-9.6226
-13.8386
-11.6537
-6.5856
-13.2312
-9.1238
-12.3048
-10.4758
-9.2046
-7.9924
-12.5066
-7.5355
-7.9416
-7.4122
-13.3835
-7.9190
-2.2928
-8.6125
-8.3330
-4.5034
-10.5417
-10.1084
-9.2455
-8.6541
-7.5044
-13.1016
-11.9265
-8.8762
-12.7785
-8.2455
-6.0972
-8.5219
-7.8919
-7.2303
-11.6205
-12.3025
-12.9867
-10.8171
-13.7452
-9.2160
-7.9558
-10.7806
-9.3334
-10.2108
-11.3427
-13.6996
-6.7531
-11.4598
-12.4789
-10.0527
-14.7012
-12.1438
-13.4840
-5.0279
-15.2839
-8.5244
-12.2675
-13.7628
-6.0105
-7.9200
-10.5469
-6.9998
-12.0014
-7.0259
-12.8643
-5.6785
-8.6508
-3.4878
-9.7210
-7.1973
-6.8739
-6.8393
-7.2337
-9.1378
-9.4899
-11.9247
-5.6349
-7.9545
-11.6988
-6.2248
-5.6289
-11.2901
-8.8540
-9.1312
-10.4438
-6.2640
-9.3318
-7.2403
-6.4202
-4.4091
-7.2004
-4.9820
-9.5463
-6.0242
-7.3132
-7.7864
-7.7669
-7.6527
-3.1061
-5.7991
-10.1254
-10.5411
-5.1797
-6.8429
-9.3534
-3.1220
-6.5157
-6.2904
-8.2130
-5.7774
-10.3050
-9.7585
-9.1078
-6.9372
-9.9590
-6.3407
-7.6323
-4.5655
-10.1674
-1.8266
-9.3979
-8.7250
-8.0803
-9.7922
-7.5518
-6.6971
-8.5102
-5.8338
-8.6156
-8.4203
-6.5992
-6.0965
-6.0563
-11.4430
-8.5792
-4.3652
-8.5130
-6.0265
-8.2613
-7.1919
-7.1224
-5.7900
-7.7024
-9.5297
-7.9743
-6.7923
-6.4939
-6.8363
-9.2861
-6.4478
-8.2362
-10.6610
-10.2872
-7.6922
-5.2919
-9.5429
-8.5342
-6.6535
-4.3304
-5.5136
-2.9133
-3.6069
-7.9334
-6.9090
-5.5074
-4.4463
-8.1466
-5.8547
-3.3264
-2.3146
-1.1105
-6.1341
-4.9199
-6.6054
-5.7947
-1.1849
-8.9540
-2.4227
-4.0153
-7.2283
-2.5342
-5.1866
-5.2952
-3.2849
-6.7840
-3.4105
-3.2045
-4.3375
-8.6859
-6.7742
-4.5077
-5.1713
-6.9647
-7.3454
-6.4778
-6.1488
-5.1357
-4.2082
-4.1204
-4.5283
-2.6915
-9.4321
-3.7843
-8.8323
-3.4040
-6.5634
-5.2142
-10.9236
-14.2175
-9.4797
-10.0607
-11.5143
-4.5187
-8.5485
-6.8376
-2.8769
-8.1348
-10.1044
-13.8065
-12.1537
-10.5138
-13.8117
-10.5624
-8.2322
-7.4727
-10.3362
-8.2685
-10.2611
-8.3355
-9.2425
-4.2141
-1.9766
-9.0963
-8.3370
-8.9853
-10.0092
-7.0930
-7.3484
-9.5504
-7.7193
-9.8309
-12.5658
-7.2635
-11.1500
-11.1954
-11.2475
-11.7921
-12.3709
-11.2618
-10.2464
-8.9707
-3.5687
-10.0442
-4.6530
-8.9736
-7.4261
-2.9565
-6.0989
-11.8833
-12.6196
-6.4110
-6.0706
-6.2333
-6.8636
-8.2749
-1.4021
-4.5735
-2.4959
-11.6705
-5.0427
-5.7088
-4.9816
-6.5036
-5.9320
-2.5182
-7.7348
-9.0564
-8.3818
-2.9257
-6.6837
-4.8791
-5.3858
-12.2984
-9.5988
-12.6804
-13.3737
-8.2177
-9.8221
-5.4774
-10.6845
-13.1446
-11.7393
-11.5217
-5.2408
-10.1008
-8.0808
-2.9490
-4.7643
-4.4109
-6.1657
-5.5280
-8.1743
-8.5751
-7.6755
-5.8172
-13.0709
-9.0479
-9.7468
-10.4888
-8.5454
-9.1656
-6.1064
-8.8285
-10.0219
-10.8139
-6.9438
-6.6728
-10.9733
-14.0052
-7.9482
-6.9263
-10.1392
-13.0667
-12.3174
-11.2061
-11.1988
-9.0506
-8.2877
-6.0169
-12.7780
0.4548
-11.3962
-12.5616
-11.6419
-10.7113
-12.4279
-10.8988
-7.2182
-8.1262
-8.4159
-10.3144
-10.8717
-5.6053
-8.4082
-12.1028
-12.2706
-7.7019
-10.0304
-5.7819
-6.2529
-12.7298
-6.6625
-11.3998
-11.5560
-8.6554
-6.7455
-6.5141
-7.2772
-0.7253
-9.2972
-11.1205
-12.8017
-7.4264
-9.6303
-8.4096
-9.5997
-7.9110
-7.4052
-5.7510
-12.1087
-10.8304
-9.0351
-11.3636
-6.9632
-9.1680
-9.8124
-8.5967
-5.8847
-8.3418
-5.1924
-8.3204
-7.3786
-8.7787
-5.9524
-9.3010
-8.2461
-9.5338
-10.8494
-10.2700
-9.6220
-8.4455
-7.9995
-8.2054
-9.7343
-8.5491
-10.3360
-9.8426
-9.4930
-10.8188
-8.1716
-4.4385
-5.0604
-7.9276
-8.5645
-7.7034
-0.0921
-8.4575
-7.4698
0.6882
-8.3243
-9.7496
-7.8692
-12.1198
-7.2041
-8.7744
-7.4270
-7.8784
-8.3207
-7.6558
-7.8339
-9.9092
-8.0417
-7.1436
-11.6118
-10.5931
-8.7530
-9.9329
-10.9901
-6.1604
-5.7872
-12.4529
-11.8686
-11.2233
-6.2348
-7.7066
-10.1769
0.5359
-9.1091
-8.4599
-8.9733
-7.4364
-11.9019
-10.0253
-9.3757
-10.2526
-7.7885
-3.2008
-8.9490
-10.1067
-5.3821
-6.6179
-6.4512
0.8102
-5.6410
-9.1551
-7.8179
-4.4359
-3.4774
-0.8605
-5.4600
-5.7116
-5.8312
-5.9554
-4.9968
-8.6566
-9.0992
-3.4023
-5.8709
-5.6979
-5.5515
-8.2826
-10.5318
-10.9110
-11.2686
-3.7427
-5.8549
-6.0747
-11.0037
-9.8592
-6.5722
-7.0242
-4.0920
-6.2353
-10.7262
-9.3934
-4.4812
-8.5170
-9.0558
-4.3912
-4.5301
-4.7367
-6.4054
-10.1674
-5.2096
-3.7768
-5.2705
-3.2452
-5.9738
-10.1016
-6.7878
-7.4988
-3.6285
-4.9264
-5.7712
-6.3520
-6.2017
-2.2236
-6.6001
-11.8060
-7.5623
-9.9053
-11.4716
-9.6368
-5.7659
-7.2383
-6.5456
-8.0733
-8.1280
-7.3328
-12.2102
-10.0642
-8.1258
-6.8728
-7.5862
-8.9052
-10.0494
-9.4407
-11.7732
-8.5273
-9.9705
-10.2469
-10.6251
-0.1925
-12.1691
-7.9914
-10.7482
-11.6031
-10.3221
-13.2059
-8.7442
-10.8916
-9.8109
-7.0809
-8.7125
-11.1621
-13.6920
-9.1432
-8.1657
-10.3809
-10.0983
-2.1044
-12.8006
-7.4676
-6.3236
-5.8458
-9.5600
-10.7745
-14.8356
-12.9443
-12.8361
-13.7638
-11.8351
-13.0818
-13.5355
-10.8108
-11.0974
-13.4553
-8.1763
-10.9104
-15.2515
-9.0496
-14.7384
-10.6799
-12.5658
-12.1705
-12.7391
-14.0788
-9.3174
-6.2075
-11.0508
-7.4488
-6.0692
-9.3814
-7.4095
-8.3919
-6.0799
-8.1607
-12.5983
-8.6229
-4.4599
-4.3748
-6.4430
-11.0582
-7.1228
-5.7830
-10.5464
-8.3620
-6.0124
-8.4100
-6.7333
-9.3954
-12.5436
-9.3897
3.5092
-3.4275
-9.0330
-3.4584
-13.3482
-11.1064
-5.8994
-10.4978
-11.4785
-7.1493
-9.9767
-10.5644
-10.1118
-11.4173
-10.5792
-11.6080
-9.7882
-2.7271
-7.0471
-11.9175
-9.5503
-8.7753
-13.1706
-8.2111
-7.3257
-5.8852
-7.8799
-7.2022
-7.9678
-9.6922
-6.6460
-2.0952
-10.1672
-9.3310
-9.2721
-11.4735
-11.7662
-10.6997
-11.6517
-11.7984
-9.8310
-13.2547
-1.4310
-11.2351
-2.1435
-8.9223
-7.4288
-6.4250
-9.2498
-9.7867
-9.4094
-8.2067
-9.6096
-10.2848
-9.8882
-9.9560
-10.3750
-11.2320
-10.7891
-11.2900
-10.0616
-10.6884
-9.8212
-10.0833
-13.9218
-8.8857
-8.2415
-10.6345
6.8785
-6.1007
-11.8846
3.6175
-12.1548
-7.3227
-3.0185
-5.7920
-13.3506
-9.5405
-5.9384
-8.1105
-11.8412
-2.0874
-4.3278
-1.7296
-10.5247
-10.0844
-9.1815
-9.9216
5.4432
-8.2931
-10.8406
-0.2638
-11.5159
-10.5654
-10.5843
-9.4289
-9.2597
-10.0592
-9.6688
-10.2835
-11.5065
-11.0384
-13.1207
-11.5591
-7.2016
-12.8033
-9.7945
-9.0901
-9.0325
-12.1749
-12.9663
-12.0056
-12.0164
-11.4233
-11.6793
-4.2427
1.1477
-6.0894
-7.3122
-9.3104
-5.7285
-11.0483
-7.4643
-4.6631
-5.2178
-8.9877
-8.4315
-9.6063
-11.8088
-8.6371
-10.9044
-13.3035
-7.4105
-11.9669
-5.3736
-14.0576
-6.2098
-5.8933
-12.4901
-7.0729
-8.3289
-8.5248
-8.3201
-9.2749
-8.3246
-9.7480
-6.6188
-8.5054
-7.2121
-8.3525
-7.6299
-10.7877
-7.2347
-10.2775
-7.9923
-9.5353
-10.9779
-7.3755
-5.5325
-8.0197
-9.5633
-10.3603
-9.9754
-9.0546
-9.2544
-9.6159
-6.0664
-6.5892
-7.3227
-7.0348
-10.8322
-8.8253
-11.8750
-13.8592
-11.2577
-8.1552
-6.1818
-13.4090
-9.4017
-9.9474
-7.6340
-9.5097
-9.3985
-9.5505
-9.5435
-11.4171
-9.8243
-8.9327
-11.1730
-13.6616
-12.2332
-12.0051
-10.4424
-11.7057
-7.1433
-9.3487
-11.1933
-4.4132
-7.4581
-3.1935
-4.4252
-4.4745
-3.6580
-5.7814
-6.8757
-6.3365
-1.1024
-2.0906
-5.6788
-6.4834
-4.7308
-6.2921
-6.3639
-8.8392
-8.9548
-6.4490
-6.0061
-7.8086
-10.0934
-4.9803
2.9484
-3.6862
-9.8533
-7.1547
-7.4860
-3.3839
-3.7345
-5.6303
-6.3069
-7.7437
-5.7152
-6.1150
-3.4575
-6.2270
-7.6122
-5.6425
-10.1473
-6.6956
-6.0826
-6.9195
-8.5344
-1.5152
-4.8925
-8.5522
-13.5616
-14.5607
-15.5032
-16.0061
-13.9550
-12.4875
-12.7115
-12.8523
-12.7432
-15.2820
-13.8839
-14.7300
-14.0927
-13.5092
-10.9314
-13.2386
-9.8465
-12.9563
-10.6451
-13.3904
-13.3830
-11.2714
-11.2093
-15.9630
-11.1796
-14.4897
-10.5544
-6.5428
-10.6239
-8.5057
-9.8919
-12.5573
-17.2022
-13.0323
-10.5138
-9.1052
-14.5056
-11.7737
-3.8193
-10.9024
-13.4863
-10.1474
-12.8920
-13.1390
-10.7079
-11.7478
-11.8224
-11.4815
-10.9256
-9.2836
-12.7382
-13.2526
-9.3517
-14.3928
-14.7400
-13.3869
-13.0862
-6.7449
-12.7665
-12.6417
-12.1386
-8.3689
-6.9226
