-10.1909
-15.8511
-16.2427
-14.5213
-17.7393
-12.5766
-15.4537
-17.0390
-16.8374
-18.2138
-18.0585
-15.5329
-4.1288
-17.0186
-11.0579
-17.8496
-17.5557
-15.2701
-18.2663
-12.7862
-6.1036
-18.3862
-13.1768
-13.2179
-12.4060
-16.3046
-15.9225
-13.7073
-19.7787
-7.6193
-11.2144
-11.3509
-16.3363
-12.4182
-13.4419
-13.4205
-14.4334
-11.9444
-10.3975
-2.0169
-11.3661
-5.7851
-11.2448
-13.3013
-6.2039
-9.2033
-13.6175
-16.8238
-3.1870
-10.3739
-9.0089
-9.3280
-10.1269
-12.5289
-14.5990
-9.3369
-5.5338
-6.3749
-9.1267
-7.6287
-14.6650
-2.8818
-8.3081
-8.3170
-13.0812
-14.3237
-10.9273
-10.5796
-12.2474
-10.9434
-3.7408
-15.2381
-14.2810
-16.6577
-14.5296
-10.0269
-10.0259
-10.1470
-10.1728
-6.2400
-13.6017
-14.9754
-16.1152
-7.2230
-12.2686
-12.9966
-13.4417
-10.9449
-10.2663
-9.7097
-12.8198
-12.0360
-6.0933
-11.6295
-18.4706
-9.6026
-10.9219
-14.6510
-13.1980
-7.3591
-12.9904
-11.7038
-10.4425
-11.9410
-16.2620
-13.9391
-16.9392
-17.1770
-16.3802
-13.9707
-11.8737
-9.4315
-8.9235
-10.0054
-11.4382
-7.3437
-9.1982
-6.2414
-10.0472
-7.4106
-13.1990
-14.3132
-13.5695
-15.0205
-8.5719
-13.6500
-15.1099
-8.9162
-10.7198
-14.3884
-7.8889
-16.9378
-12.0046
-9.5114
-4.9624
-10.7355
-10.3162
-11.5413
-4.1069
-2.2960
-13.0311
-12.6002
-13.1820
-8.4347
-10.2063
-10.4039
-11.7713
-16.6985
-15.8266
-10.1503
-17.8121
-10.7934
-12.3439
-12.9787
-12.1639
-12.1331
-9.9686
-14.0075
-12.2060
-16.2857
-14.3834
-12.3101
-15.6603
-12.5041
-10.6874
-6.6658
-12.5849
-15.3066
-12.8684
-10.3059
-11.9240
-10.5985
-15.6695
-12.2969
-5.8897
-7.6543
-15.1202
-6.7332
-15.7778
-14.6840
-14.8443
-8.4511
-12.5390
-16.7701
-11.9130
-9.9820
-5.1276
-5.3860
-10.7385
-13.3613
-7.2063
-11.7331
-13.0405
-13.6973
-10.3165
-11.2692
-13.7118
-7.0804
-13.6257
-12.3161
-6.3474
-10.9459
-15.4707
-11.8224
-12.2329
-2.2278
-12.4177
-14.4189
-3.4466
-11.6991
-9.2635
-12.3920
-12.8760
-11.8934
-10.9746
-11.6859
-9.1834
-9.4468
-11.5331
-14.9617
-11.1533
-9.9459
-9.5248
-12.2601
-10.8758
-10.5168
-7.4051
-14.3869
-11.3245
-11.2110
-14.4507
-13.4770
-8.9627
-3.1149
-12.6315
-11.3184
-14.1386
-13.2284
-14.3485
-11.7897
-13.4533
-12.7007
-8.7895
-11.7040
-10.3112
-11.8549
-9.1059
-11.7927
-9.5963
-11.5951
-9.1442
-9.6572
-12.0911
-13.5659
-6.4233
-7.5761
-4.9745
-3.6660
-10.4276
-14.8437
-17.5224
-18.4986
-11.7949
-8.3897
-14.9148
-13.4024
-13.7732
-12.5885
-13.9802
-14.8849
-17.2415
-9.9158
-13.1114
-15.8920
-13.9504
-9.4193
-10.0874
-15.1498
-14.7966
-14.8262
-14.9323
-12.4005
-13.9782
-10.7073
-2.6708
-16.3054
-18.0848
-17.1783
-17.4615
-16.6132
-13.2555
-18.5445
-18.4016
-18.4792
-14.7623
-15.2070
-9.4695
-16.2502
-15.5424
-13.4417
-11.4804
-14.5178
-18.2548
-19.4688
-17.6232
-14.0119
-9.8644
-17.8656
-18.2203
-8.8396
-5.8029
-18.9731
-16.7025
-16.9575
-14.8999
-15.3823
-16.0777
-13.8678
-13.1690
-14.5310
-10.4596
-18.2468
-12.3261
-19.6617
-16.1314
-11.8472
-15.6800
-7.7132
-15.8780
-18.1739
-15.4969
-16.0031
-13.7656
-18.2019
-17.3026
-19.4766
-7.9294
-17.5349
-14.4615
-6.9417
-7.5911
-15.8463
-16.2208
-10.8667
-15.4499
-14.6271
-14.1669
-9.7373
-15.3113
-19.1643
-13.6908
-12.5587
-11.4809
-9.5814
-7.4584
-14.9522
-12.0591
-11.8790
-7.9810
-8.8442
-4.5411
-10.8191
-12.9044
-11.9265
-12.6046
-11.7790
-10.6165
-10.7205
-9.5601
-13.8691
-11.5715
-10.2664
-6.3040
-11.4215
-12.7702
-12.9982
-14.9293
-14.7473
-11.9864
-10.5331
-4.3882
-7.5591
-13.8314
-10.7382
-10.2831
-16.2277
-14.7372
-8.9983
-12.7977
-14.7606
-11.0118
-3.6120
-11.0678
-10.6598
-14.0299
-12.5926
-11.8886
-12.5601
-2.3022
-12.8068
-16.3561
-8.3963
-9.8762
-11.0682
-13.7896
-12.5232
-13.8054
-9.1555
-11.2695
-19.6475
-21.1647
-18.5977
-19.8890
-12.7604
-2.2557
-18.4366
-17.0965
-10.7285
-17.3360
-14.7089
-18.1872
-16.2912
-14.0901
-15.5919
-16.8137
-18.7873
-10.3421
-8.4705
-6.7667
-10.7374
-6.6529
-12.1320
-12.1078
-14.1795
-10.7404
-6.8493
-12.3394
-10.8171
-8.8053
-4.6625
-9.0303
-11.7479
-13.8153
-10.4817
-14.4387
-12.3603
-13.1074
-13.0301
-15.0243
-10.3248
-12.3111
-9.4595
-13.2885
-14.3362
-13.6335
-12.8816
-10.8843
-12.4212
-13.7536
-9.6539
-10.7401
-10.9000
-10.9907
-10.8542
-15.9887
-10.7281
-10.3699
-11.5008
-12.0299
-10.8508
-15.5292
-11.2806
-11.9821
-13.6275
-11.9084
-8.5557
-10.3270
-6.9951
-11.8122
-11.8370
-13.5624
-10.9507
-9.9100
-13.2265
-13.8039
-15.3959
-10.3528
-12.5921
-10.3978
-11.7595
-13.5797
-17.9179
-17.3901
-12.9986
-19.1924
-14.6240
-17.5044
-18.9051
-2.2301
-8.6309
-9.7368
-16.0246
-17.3485
-5.1163
-19.0656
-17.3967
-11.8083
-14.0181
-16.0580
-18.8428
-17.0455
-16.8929
-14.2989
-3.0048
-12.4105
-12.6195
-13.6036
-1.7043
-6.8834
-5.3239
-11.0424
-13.7024
-13.6841
-9.2996
-16.0754
-13.5051
-16.0302
-15.5243
-8.9255
-15.7300
-16.8565
-14.9448
-12.5745
-6.6623
-15.9020
-13.6609
-14.4427
-14.5723
-15.0031
-14.8722
-11.4281
-11.8138
-12.7276
-13.7772
-13.2516
-3.5743
-14.9177
-15.3670
-13.3391
0.9657
-16.1620
-14.4810
-11.6040
-5.7937
-11.0562
-12.9412
-7.1754
-8.9458
-6.5581
-1.9846
-10.2266
-4.9436
-5.7986
-14.3852
-12.6306
-10.8600
-13.0717
-10.1884
-9.5815
-8.3639
-12.7931
-8.9678
-5.1797
-5.5837
-13.1575
-12.6953
-9.6080
-14.3422
-13.1586
-12.4104
-11.0681
-11.1048
-7.7181
-1.8541
-11.4397
-11.4510
-13.9405
-14.9300
-10.0010
-13.3053
-10.1253
-10.4515
-12.7079
-14.2459
-10.9940
-13.0330
-14.5696
-12.9893
-9.9083
-7.5615
-9.4444
-10.1265
-11.9060
-7.0360
-12.4589
-13.7546
-12.1696
-7.9184
-9.0143
-10.2024
-9.3383
-12.9870
-9.2769
-12.1537
-5.8515
-1.9292
-10.4994
-10.3862
-10.9743
-12.0732
-2.8811
-13.6758
-14.6379
-9.7140
-14.7411
-7.5903
-12.2643
-16.2786
-0.0139
-2.0326
-7.0630
-15.1120
-12.6277
-4.7478
-10.3732
-16.2562
-13.2339
-8.3123
-12.0473
-9.3977
-16.7321
-11.4668
-17.7463
-16.3799
-10.1655
-16.5966
-12.9575
-12.9033
-17.4350
-15.5142
-16.4259
-17.0674
-2.7845
-5.0879
-16.7767
-18.5212
-16.8708
-6.1979
-6.3808
-8.1895
-5.3540
-9.0192
-10.5845
-8.3173
-10.9121
-10.2479
-11.3765
-3.3219
-11.8900
-3.7816
-7.1076
-10.9559
-10.4418
-8.2818
-10.8359
-7.1336
-6.9288
-11.6239
-10.7106
-6.1090
-10.0878
-10.1186
-9.3137
-7.9016
-13.8377
-12.7509
-12.0827
-11.5149
-7.0110
-13.9004
-9.4787
-14.7287
-9.5513
-9.8932
-5.6358
-11.5880
-7.7801
-8.7941
-9.8510
-10.6363
-11.0421
-6.7267
-5.6323
-8.0859
-9.4970
-3.3433
-7.2583
-15.4643
-7.2154
-8.4155
0.0382
-12.3241
-12.8792
-16.7460
-12.3706
-14.3771
-14.3999
-12.6485
-14.4825
-14.3929
-11.9747
-11.7654
-12.0257
-14.3177
-16.3339
-12.5312
-11.9624
-6.7974
-6.7805
-9.0115
-14.1693
-12.5391
-16.2344
-8.2928
-9.0286
-10.9211
-13.4009
-12.6265
-14.3416
-14.2812
-10.5216
-13.4002
-13.5584
-15.1449
-8.8512
-13.9791
-16.0759
-15.2266
-15.6149
-15.5650
-15.4116
-17.1208
-12.4053
-14.4105
-6.8460
-9.0819
-13.7585
-13.0595
-9.7486
-13.7716
-8.0141
-14.4777
-16.4303
-14.1992
-9.7066
-11.5691
-12.6142
-12.9816
-9.6205
-7.4584
-7.3547
-7.6329
-12.3542
-11.8741
-13.5477
-4.1385
-9.6602
-9.5597
-10.7872
-10.4547
-10.9010
-3.9100
-5.5965
-13.7051
-13.8823
-3.9162
-8.9587
-20.6955
-19.4063
-16.4982
-13.8657
-11.2106
-10.7856
-6.1479
-7.3792
-7.9936
-6.8871
-12.0279
-13.7106
-12.7130
-15.9127
-9.7320
-12.1515
-12.7670
-13.8127
-13.0239
-19.0735
-15.2641
-11.8793
-13.9247
-14.0198
-15.0049
-18.5884
-20.3475
-10.3401
-19.9123
-16.8259
-15.0064
-19.1669
-15.6822
-16.1312
-7.2934
-18.1848
-10.8264
-19.6311
-20.7519
-4.0965
-11.9267
-13.8873
-13.8021
-11.3675
-11.0530
-17.6786
-18.2308
-14.6308
-15.3427
-13.1060
-14.6316
-18.5391
-13.4076
-6.7287
-10.1142
-13.1036
-10.1623
-13.1431
-17.9981
-16.6643
-3.0291
-14.3012
-12.5386
-15.6672
-13.8124
-14.5898
-12.2847
-14.6621
-13.2202
-12.1608
-11.2275
-14.0511
-12.2106
-14.2149
-8.6966
-10.2445
-9.2772
-13.2667
-12.4184
-3.2867
-14.7195
-15.1881
-0.0885
-1.9437
-14.7901
-15.1134
-14.8548
-5.6103
-21.0005
-8.1641
-15.3247
-17.5127
-17.3555
-10.5701
-11.9119
-12.3418
-5.8001
-16.0505
-15.6812
-14.7303
-14.3436
-13.8895
-14.1618
-14.3067
-15.1874
-11.3803
-13.8444
-7.4990
-13.9030
-5.4765
-17.5474
-11.9099
-10.7022
-12.9974
-9.4058
-16.5410
-12.5816
-11.2063
-12.6307
-9.1378
-14.5954
-15.6794
-12.0302
-15.1069
-11.2329
-11.6717
-18.7828
-17.7291
-15.7055
-16.6566
-13.6702
-17.2848
-13.5990
-14.6826
-17.5120
-11.4817
-12.9131
-13.3759
-17.6531
-16.5066
-15.2747
-10.7331
-14.3808
-11.2884
-14.4094
-13.3541
-14.6225
-10.3768
-15.8714
-14.8618
-14.7841
-8.1521
-18.8261
-16.8265
-18.2139
-16.7177
-17.5817
-16.1999
-3.5122
-14.2893
-15.1290
-16.5822
-13.6802
-16.3249
-16.5798
-10.4291
-16.7842
-7.3909
-14.2246
-9.0242
-16.2048
-16.6264
-15.0453
-16.6946
-15.2093
-14.4781
-14.6312
-14.2288
-12.5876
-12.2743
-16.2953
-15.2967
-13.5417
-6.7828
-13.5923
-12.6830
-14.0691
-15.4408
-13.2055
-13.0685
-14.3070
-14.0722
-13.7715
-14.7780
-12.8179
-13.3835
-12.9853
-15.3222
-16.8397
-14.7890
-13.5701
-13.2952
-14.1632
-10.6151
-16.5995
-16.0213
-11.7607
-12.6327
-14.0233
-12.3684
-14.8771
-10.7154
-14.4831
-16.1884
-13.1024
-17.1454
-11.5055
-14.1924
-11.2470
-12.2794
-13.3735
-7.3657
-7.1594
-17.4946
-9.4329
-14.3488
-15.5514
-16.8385
-18.1780
-18.4836
-15.4840
-12.9789
-16.6643
-14.9246
-7.5329
-6.7366
-18.0196
-17.2559
-11.8353
-13.9815
-16.1034
-15.9267
-15.0906
-14.8408
-14.8369
-11.9372
-13.9601
-14.0682
-12.4598
-13.7296
-15.5835
-18.0687
-14.5069
-12.2072
-11.8665
-5.8880
-17.3354
-8.5384
-12.5660
-11.4645
-14.0400
-9.3205
-11.6435
-12.6096
-12.2963
-17.8906
-14.1789
-14.9784
-11.3690
-9.7768
-16.2856
-18.0337
-15.7236
-17.1960
-16.9022
-16.5966
-19.5631
-6.7096
-17.7950
-18.6471
-16.9269
-15.9068
-19.2348
-16.4229
-14.8562
-16.0782
-18.1359
-12.9289
-17.3927
-11.6758
-17.8302
-17.4121
-14.4688
-12.8396
-11.4706
-10.0765
-8.2571
-15.6764
-16.5061
-18.0985
-18.9302
-19.1111
-17.0664
-13.3097
-15.4958
-14.1256
-16.9260
-13.4910
-13.7811
-16.6887
-17.5911
-14.6924
-16.3694
-17.1576
-13.6306
-14.3678
-16.6572
-18.8898
-15.7160
-16.3522
-12.7888
-14.0264
-14.8723
-9.4563
-15.4615
-18.8047
-14.0304
-13.4107
-17.7648
-15.9386
-13.4440
-13.6330
-17.0932
-17.5585
-12.4712
-14.1964
-14.9911
-16.6523
-11.3443
-15.5414
-17.0094
-15.6898
-14.1068
-13.9429
-12.8471
-10.6931
-17.1223
-12.6210
-13.4218
-12.0084
-13.2646
-11.1310
-14.0471
-11.1447
-14.3287
-13.5718
-8.6693
-17.7416
-16.7581
-9.7851
-12.4114
-13.2039
-10.3121
-13.3093
-11.9178
-13.0114
-13.2837
-12.5357
-8.8343
-13.1090
-10.5552
-11.4876
-13.3228
-12.4718
-14.6693
-13.9990
-18.6408
-7.3389
-15.0137
-19.4494
-17.3721
-16.0401
-8.0478
-3.8345
-7.0461
-17.3040
-5.4071
-15.9322
-14.8508
0.0948
-16.9714
-15.1809
-17.8801
-14.1850
-17.7456
-17.5776
-12.7834
-15.7977
-12.1756
-18.6411
-10.0987
-13.1284
-15.1604
-11.9332
-8.8954
-10.2364
-10.0653
-12.7090
0.6157
-1.6668
-1.2442
-11.2272
-5.0091
-8.4520
-13.2745
-7.7481
-14.9218
-11.6621
-12.9965
-8.9639
-7.6306
-9.6283
-4.7606
-1.2244
-8.3580
-11.7459
-12.3530
-8.4732
-10.6530
-9.0160
-3.6287
-10.5826
-3.8912
-10.8617
-8.3038
-13.9269
-13.2025
-9.6787
-6.5976
-10.5383
-9.5075
-9.7915
-12.6051
-9.8909
-2.1815
-13.1691
-6.1682
-10.3230
-10.6326
-15.5671
-17.8587
-13.8813
-17.2765
-18.9343
-16.0171
-14.1092
-15.3569
-17.6240
-15.7295
-12.4912
-15.5493
-16.0249
-16.7114
-16.5808
-16.1855
-15.8979
-15.1512
-16.8988
-12.6927
-13.9483
-12.8603
-15.8006
-10.4859
-15.2303
-16.0746
-7.1218
-11.9411
-5.0960
-16.0534
-14.0295
-14.1589
-15.7301
-9.0934
-17.8531
-12.9947
-8.4682
-9.9393
-15.1829
-12.0302
-13.7270
-4.4704
-13.4165
-14.1152
-8.4391
-10.4820
-8.9700
-11.2734
-9.5621
-10.5216
-6.3529
-8.6984
-10.1740
-8.7269
-12.5278
-10.4521
-11.3515
-8.8752
-8.9805
-7.1886
-14.4465
-12.5779
-11.1966
-10.7026
-9.7632
-9.9139
-10.6901
-10.6413
-10.1370
-16.4620
-10.0970
-8.8674
-8.0182
-11.8680
-12.0285
-10.8649
-13.8641
-12.2886
-9.2771
-8.3208
-7.9143
-7.5196
-10.3005
-9.1030
-4.2742
-13.8302
-9.2291
-9.1086
-10.0444
-10.1634
-12.8764
-7.5371
-13.4363
-11.5913
-2.8588
-16.9517
-11.1734
-17.0911
-16.2808
-16.0456
-16.5983
-7.5814
-14.6137
-13.2815
-6.8529
-7.6690
-13.1861
-6.6990
-11.7257
-13.6013
-5.5025
-2.8884
-15.1586
-12.9837
-16.2103
-13.1336
-14.7650
-21.5824
-14.5506
-11.5066
-14.6145
-9.4247
-15.5833
-17.4935
-15.1480
-16.8397
-16.7248
-15.3260
-4.5113
-11.4948
-7.7801
-9.7159
-8.6956
-13.1668
-11.6836
-8.0853
-8.3530
-7.3749
-11.9126
-9.3692
-11.0731
-11.0028
-14.6179
-10.9941
-4.4683
-12.9048
-10.7234
-12.2519
-9.3466
-9.1101
-15.6514
-14.2826
-13.2313
-14.4308
-9.7194
-9.5750
-10.1065
-10.0400
-12.1623
-13.9966
-8.9192
-10.6234
-11.3790
-15.1963
-10.5215
-8.2640
-13.4692
-12.2245
-9.4887
-12.4351
-13.2179
-9.8698
-4.4012
-13.4306
-12.1070
-3.7325
-2.3564
-11.5822
-5.4103
-6.9069
-9.5599
-10.5750
-5.3552
-10.1384
-10.2130
-9.8671
-9.8561
-8.4390
-10.4222
-7.5837
-8.4550
-8.9198
-10.2925
-12.7744
-9.0698
-8.9130
-8.9662
-9.3927
-8.9419
-11.8969
-8.9134
-2.9179
-11.9362
-12.2412
-8.9392
-8.2293
-14.7869
-8.5854
-10.0440
-13.7240
-9.9961
-13.0158
-9.0125
-13.7735
-6.1305
-5.8482
-7.9884
-9.2425
-10.4786
-5.5841
-13.6444
-8.8170
-12.0389
-11.1842
-7.1814
-9.9027
-6.3207
-9.2553
-9.5977
-9.7686
-6.4316
-10.6893
-7.3801
-10.6659
-8.7997
-12.5452
-10.0125
-11.2368
-14.8508
-11.9301
-10.7958
-7.2414
-9.4817
-12.7557
-14.2295
-12.2093
-12.1827
-12.1291
-11.2929
-9.9935
-11.5475
-8.7556
-9.5838
-8.1194
-7.4745
-8.5199
-10.2774
-10.3504
-12.2785
-10.5878
-10.0705
-12.3234
-11.7172
-13.5558
-10.3632
-8.6224
-5.1714
-7.5020
-6.3670
-11.5229
-11.5660
-8.0251
-7.4706
-7.0678
-6.8672
-12.5545
-8.0786
-5.6099
-4.5205
-11.9248
-11.4624
-7.3433
-0.7708
-9.0788
-6.4558
-4.3591
-6.2788
-13.6987
-13.5376
-10.3533
-5.9128
-8.0117
-15.0771
-5.2573
-13.2345
-8.8686
-16.3905
-7.7104
-7.2280
-9.8053
-7.0126
-6.4639
-3.6884
-13.8514
-14.5778
-2.0042
-18.7088
-14.0703
-7.4013
-13.4724
-7.3892
-7.8184
-7.6294
-7.7659
-11.3194
-15.0477
-10.0778
-13.1347
-8.8612
-11.6106
-10.3486
-11.3926
-14.2844
-12.1387
-16.1597
-11.3476
-6.9504
-11.1601
-15.1135
-17.7710
-15.8566
-10.5755
-14.4726
-12.0712
-13.6186
-10.3315
-9.8697
-12.4883
-9.0814
-18.1572
-18.2084
-11.5142
-12.7251
-18.1415
-16.7333
-14.0460
-17.4427
-13.7733
-11.3391
-13.0438
-10.8312
-16.0810
-15.0132
-14.2463
-18.3329
-10.6737
-11.2269
-12.0604
-7.8148
-10.1873
-8.1332
-11.4119
-11.3111
-15.7479
-13.3978
-14.8249
-12.0568
-12.3670
-12.2401
-13.1364
-10.2966
-8.8716
-13.4153
-12.6652
-12.9600
-14.8232
-16.8362
-10.9758
-10.6599
-13.8932
-13.9222
-16.0079
-11.4404
-19.1383
-17.6198
-11.7579
-8.8102
-13.2103
-16.4183
-12.7583
-15.0876
-12.1149
-16.5153
-13.6956
-13.6667
-14.8183
-13.3118
-17.0864
-12.2224
-10.4980
-11.7978
-16.5414
-15.4855
-16.5285
-15.8733
-14.1558
-14.7558
-17.6449
-7.9470
-10.9868
-17.0461
-16.2285
-12.1281
-16.4090
-10.9696
-12.1990
-10.5313
-10.9491
-18.2295
-10.4881
-13.8857
-8.7251
-16.8808
-16.0958
-12.5672
-19.3123
-19.8230
-14.9611
-19.0875
-15.6586
-14.3008
-10.1033
-17.1707
-14.5861
-16.2371
-14.3891
-17.2126
-14.1460
-13.6918
-18.2875
-13.8218
-10.4339
-16.7586
-16.2447
-17.9228
-17.7424
-16.6784
-16.0024
-15.0236
-16.0013
-12.8302
-15.6684
-10.2577
-18.6863
-14.2311
-9.6839
-8.6592
-14.4690
-12.5312
-11.3064
-15.7457
-13.6695
-16.3970
-16.8196
-15.7058
-11.0891
-11.8489
-12.6775
-8.1770
-8.3939
-8.6575
-10.8801
-12.8851
-16.7224
-11.8675
-11.3015
-15.0203
-16.4104
-14.3011
-16.2039
-14.4861
-13.4040
-15.1479
-14.8349
-5.3341
-13.1757
-14.8236
-13.4561
-14.2753
-16.4426
-13.4061
-11.8843
-12.5426
-8.8792
-14.0040
-12.7432
-11.3123
-16.1605
-15.3863
-18.8212
-15.6504
-9.1208
-15.7025
-16.5687
-19.8303
-12.9086
-13.2161
-15.2254
-12.3857
-12.1691
-9.0305
-11.3656
-10.3891
-14.9421
-14.4885
-11.5091
-18.0676
-16.3681
-12.2236
-13.5511
-14.4662
-13.9620
-13.3156
-12.4166
-12.7814
-12.4352
-13.2060
-18.3599
-17.5930
-17.4067
-13.6692
-13.0986
-13.3109
-20.3856
-10.9186
-18.0403
-13.9660
-12.7968
-9.3669
-12.5995
-16.2634
-14.2247
-16.6159
-8.1113
-19.3208
-13.1082
-10.3389
-13.3307
-18.5902
-13.9628
-18.4316
-11.0638
-15.0120
-18.3079
-11.6610
-14.0895
-19.8973
-13.6417
-17.1658
-7.6370
-13.3939
-9.9645
-16.2457
-13.2285
-13.9105
-13.9760
-11.3835
-18.1102
-11.6012
-13.9283
-8.3234
-4.7148
-14.3819
-2.8943
-18.8536
-18.6530
-10.7510
-9.1031
-7.1583
-11.2919
-13.5593
-13.7471
-16.4987
-17.7866
-16.1300
-9.3592
-15.3042
-14.4795
-15.9583
-15.8859
-17.5644
-9.2893
-8.3708
-17.9707
-4.4220
-9.7879
-12.9257
-12.3014
-13.9487
-9.6418
-10.8295
-10.6233
-9.2841
-9.5332
-10.7092
-4.7733
-8.4966
-12.8904
-12.1565
-15.0305
-10.3080
-12.3435
-14.6762
-8.1306
-16.5812
-10.5838
-13.2847
-12.4022
-12.9217
-15.0537
-14.0512
-14.6739
-10.3999
-12.6081
-15.1622
-16.6567
-12.9991
-10.2617
-15.7990
-17.1434
-15.9230
-12.8451
-19.3888
-13.0163
-15.1649
-9.9254
-10.6602
-16.6726
-16.4098
-15.6076
-13.1789
-12.2382
-16.3397
-13.1433
-14.4037
-12.8742
-12.3515
-16.0338
-12.7239
-11.4483
-12.4052
-12.0114
-14.2295
-14.2099
-12.3260
-11.2598
-13.7277
-12.2577
-9.7289
-14.9190
-15.0515
-12.5567
-19.2625
-11.2968
-13.3550
-9.7873
-11.0677
-8.9353
-16.4327
-16.0319
-14.0073
-17.4918
-16.8668
-17.2662
-18.3928
-14.2107
-15.5474
-12.5925
-12.9404
-11.4882
-12.9955
-12.9661
-12.7832
-18.3583
-15.8555
-12.5822
-12.4554
-14.0059
-10.3926
-8.4553
-12.6009
-16.3175
-11.8288
-15.9027
-10.8429
-10.2271
-10.4570
-12.8264
-10.7020
-13.1478
-12.6924
-12.5619
-12.5337
-14.5628
-10.6526
-15.0348
-11.1709
-12.8369
-12.6707
-13.6614
-13.6595
-9.4880
-7.2836
-10.5639
-12.6783
-16.1925
-14.4122
-14.6816
-15.1898
-18.8924
-15.5156
-16.4300
-15.8184
-10.7688
-10.0809
-10.4691
-9.6275
-14.3747
-10.2016
-12.6871
-17.0164
-17.0396
-13.8042
-11.3039
-14.7919
-12.3236
-14.5015
-16.2062
-15.2133
-12.6559
-13.5941
-16.4129
-7.5917
-8.1610
-14.2888
-9.6662
-11.8711
-9.1748
-9.7060
-11.0129
-11.1869
-8.4386
-9.6488
-8.1536
-6.5290
-9.7785
-7.9641
-9.5376
-9.4271
-13.8110
-5.3220
-6.2333
-11.8634
-11.9114
-8.9591
-9.7284
-10.0337
-6.9195
-14.5279
-11.5285
-10.2666
-13.2345
-11.5379
-3.9652
-11.0152
-12.5281
-12.2082
-9.8324
-10.2545
-10.3604
-10.4017
-13.3747
-9.2684
-13.9705
-14.5962
-14.4587
-12.1625
-9.8388
-14.3394
-5.5805
-12.8240
-4.0974
-7.4166
-8.3817
-13.9927
-12.1216
-14.3751
-11.3257
-8.5247
-13.2973
-11.2300
-9.7281
-10.0426
-10.9357
-15.6460
-6.1455
-11.0092
-12.5768
-12.0523
-17.6328
-5.1688
-8.4801
-15.1379
-15.1150
-17.0999
-15.1117
-17.5119
-16.1194
-9.7369
-10.6143
-18.7410
-8.1988
-9.1201
-17.4103
-18.6897
-18.9802
-16.0782
-17.2228
-17.9112
-18.7816
-18.3084
-17.1876
-19.2015
-17.0081
-16.9819
-19.5806
-16.5938
-15.7089
-10.9787
-10.8712
-9.4706
-10.3617
-13.0152
-10.2001
-11.2137
-18.0983
-13.5709
-5.6937
-10.5708
-15.5068
-17.9361
-18.8408
-17.6586
-16.9949
-16.5551
-16.9673
-16.4760
-19.6499
-13.0567
-17.5973
-18.1968
-12.5542
-18.6212
-15.1700
-1.5688
-3.7640
-13.6944
-10.6486
-11.3108
-12.6537
-13.5524
2.2673
-7.1437
-16.4053
-14.9313
-13.6913
-13.5346
-10.7781
-15.7729
-13.7793
-12.3378
-15.6186
-11.8142
-9.8560
-11.9633
-9.8784
-16.2809
-7.5192
-14.6255
-5.3726
-13.9957
-8.9802
-9.5835
-14.1513
-15.9758
-15.4610
-15.1748
-7.1197
-6.6000
-16.3641
-13.6142
-13.8211
-14.4788
-13.4558
-17.5116
-15.2174
-6.4585
-18.2441
-12.7577
-15.1070
-12.6990
-18.0059
-12.4835
-11.4374
-16.1355
-15.5105
-8.3321
-12.1243
-15.7092
-11.0055
-17.1824
-19.3007
-15.7513
-17.0672
-17.5200
-19.3166
-16.8424
-15.4490
-15.2986
-14.5158
-16.3635
-17.7989
-16.7168
-17.3800
-16.9963
-18.5784
-16.4561
-13.7614
-7.3194
-13.1072
-14.2576
-13.7070
-13.8357
-9.6295
-18.3274
-14.9399
-17.2455
-16.3116
-8.9464
-11.5228
-14.5213
-13.9402
-14.3001
-8.1414
-5.2524
-19.8123
-13.5200
-11.2694
-15.8528
-16.3275
-12.6871
-13.9740
-17.0657
-10.6246
-10.7533
-4.9104
-13.4613
-5.3940
-9.3943
-16.3100
-19.0574
-8.4547
-12.3283
-12.4529
-11.2645
-14.1572
-9.9591
-14.3440
-12.5496
-13.1559
-7.4820
-17.1309
-16.4488
-10.2597
-16.7014
-12.4694
-12.7414
-15.8687
-9.3184
-9.7451
-10.2012
-12.3455
-13.6120
-16.8448
-11.2925
-10.7357
-14.7996
-15.9423
-14.4163
-17.0476
-14.6483
-11.3540
-13.1693
-12.9583
-14.9200
-14.1447
-11.0914
-10.2281
-11.7701
-12.1225
-14.1766
-12.7609
-10.8490
-13.2198
-11.0066
-12.7826
-8.5384
-17.0038
-15.1521
-13.9970
-15.3564
-12.6626
-3.9405
0.4619
-13.1113
-8.0631
-12.7195
-12.5794
-15.7527
-11.3714
-9.5040
-11.2747
-9.1888
-12.7121
-11.5871
-13.2185
-14.8361
-9.9721
-18.6162
-11.5510
-17.1938
-10.8412
-10.0001
-14.7559
-13.0968
-10.6307
-6.5664
-13.5731
-13.7301
-13.0794
-14.7259
-11.0836
-11.5592
-12.1305
-14.4340
-11.4974
-16.1486
-14.4068
-12.5003
-11.0171
-15.8790
-13.0386
-13.0268
-11.4470
-13.1430
-11.4352
-13.7970
-12.6331
-14.6996
-11.7064
-10.2421
-16.0910
-12.0569
-16.5938
-11.4670
-14.6362
-6.1523
-9.9861
-13.4296
-13.2746
-11.5948
-8.9594
-15.6556
-13.9236
-12.5739
-12.5037
-9.4551
-12.5768
-9.5299
-16.6577
-10.6163
-15.0944
-7.0803
-11.2912
-11.4523
-14.8087
-16.1797
-13.5408
-19.0932
-14.5808
-14.4053
-17.8244
-17.8048
-16.5781
-13.5855
-18.3279
-17.8650
-12.6164
-18.8703
-12.7248
-17.7232
-13.8093
-13.3363
-12.3007
-15.1789
-13.1867
-12.6978
-12.9535
-17.7095
-9.4867
-5.0836
-13.9767
-12.2118
-8.5914
-14.8120
-14.1386
-14.2331
-12.3561
-13.2744
-16.3841
-14.6272
-14.0492
-17.1193
-11.2580
-9.9047
-12.7456
-12.3126
-12.0352
-17.4080
-16.4556
-14.9698
-14.9682
-16.4679
-12.4471
-9.4387
-12.9904
-12.4002
-13.8067
-16.4514
-16.8913
-10.2002
-15.8022
-15.0347
-14.6788
-16.3841
-14.8062
-16.8553
-9.9881
-16.8508
-6.8848
-11.5416
-18.9455
-10.2504
-12.8019
-15.1469
-12.1613
-14.9475
-9.9648
-13.7018
-10.3584
-10.8813
-6.9465
-11.2056
-10.9137
-11.6282
-9.5670
-10.9907
-12.0133
-12.3204
-14.8763
-10.4384
-10.9536
-16.2606
-10.4656
-10.2812
-14.8360
-12.3715
-13.4055
-14.3059
-10.5627
-13.3513
-10.6166
-11.4155
-10.1861
-10.9091
-11.0683
-12.4749
-9.9009
-12.1105
-11.5134
-10.0447
-11.6289
-8.8451
-10.0779
-16.1525
-15.2707
-7.4943
-9.9837
-13.5976
-7.3639
-10.8130
-11.3528
-12.9987
-8.3474
-13.0560
-11.4043
-13.8183
-9.6636
-13.8390
-10.7818
-14.8133
-6.7302
-11.6261
-5.2056
-9.9891
-13.0244
-12.7965
-11.3803
-11.3228
-11.0170
-12.6527
-10.6045
-11.3634
-10.0705
-10.6035
-13.0392
-12.6021
-13.7084
-11.3434
-8.6219
-14.1970
-12.6030
-10.5401
-12.2604
-11.6446
-10.7896
-10.4724
-14.3850
-12.2798
-12.3113
-10.2244
-12.1933
-14.9675
-11.6781
-12.2608
-14.7261
-14.0551
-13.2066
-10.6087
-11.9723
-13.9948
-8.4781
-8.4284
-11.0777
-4.6305
-8.3868
-11.3336
-11.6834
-8.9607
-6.5775
-8.8495
-6.7020
-4.0606
-7.2543
-4.3868
-8.5450
-9.2582
-9.8194
-9.3009
-5.1132
-12.6994
-4.4071
-9.2225
-9.8043
-8.0649
-8.8451
-10.3511
-8.3636
-10.7079
-7.6241
-5.9259
-8.4475
-12.1095
-12.2760
-8.5333
-8.6881
-11.0800
-10.5189
-11.9230
-9.5574
-10.1461
-6.4434
-6.2257
-8.0215
-5.3340
-16.8168
-4.6404
-12.5159
-6.2856
-11.1714
-10.7214
-14.4379
-18.3658
-12.0716
-14.3888
-13.1770
-8.6028
-11.9947
-10.7030
-8.8575
-12.9585
-12.9460
-18.0134
-15.3147
-16.5378
-16.2439
-18.1200
-10.2149
-11.2882
-16.6736
-11.5332
-16.3286
-11.8775
-16.0943
-8.4066
-9.4064
-14.1401
-15.3886
-12.9808
-13.8098
-16.0462
-10.7684
-13.8013
-12.1613
-16.2261
-17.7663
-6.9058
-16.3671
-14.3068
-17.1593
-17.1838
-16.1399
-14.5832
-15.5816
-13.6000
-8.4744
-12.4201
-6.1085
-13.7261
-11.7522
-7.6777
-15.4495
-16.7975
-16.1570
-11.3724
-10.7044
-9.6854
-10.0219
-9.8393
-6.0567
-10.1626
-8.5524
-16.0213
-9.2365
-9.7877
-8.3498
-8.6552
-11.7089
-6.5154
-12.7684
-12.6142
-12.4929
-6.7065
-11.7614
-11.2063
-10.2437
-16.9755
-15.8101
-16.6190
-17.2720
-11.3513
-14.7360
-10.3705
-14.8792
-17.5276
-16.2203
-15.1232
-10.5887
-14.1514
-11.9506
-8.2543
-8.7641
-10.8439
-9.2020
-11.8589
-11.2775
-14.3149
-12.1483
-10.1782
-15.6797
-11.6298
-10.3401
-12.6519
-13.6942
-11.2350
-9.5005
-10.4552
-14.9028
-15.5671
-12.0659
-8.7694
-13.2116
-19.4567
-11.9866
-13.0203
-11.5108
-16.1074
-14.5654
-15.6389
-16.1494
-12.1305
-11.6896
-11.0546
-15.5776
-3.7606
-16.3429
-15.5970
-13.2160
-15.3969
-17.5343
-13.0698
-11.7871
-10.0368
-11.8163
-14.9682
-14.3850
-8.2899
-13.4100
-14.3053
-17.4983
-10.9267
-14.2998
-8.0016
-8.6615
-18.3201
-10.0287
-17.5081
-16.4852
-11.8727
-10.0642
-8.9189
-12.1150
-4.0658
-11.4790
-14.8291
-16.4579
-10.9118
-12.9586
-13.7857
-12.4033
-12.2025
-12.0661
-10.8933
-15.3936
-15.7838
-12.7935
-14.3828
-10.4438
-14.0352
-12.8371
-12.4785
-10.1009
-11.0564
-6.7395
-10.7914
-10.6874
-12.6419
-9.3615
-13.2313
-13.0988
-13.9113
-13.1147
-14.0947
-14.0438
-11.6123
-12.2411
-12.1304
-12.5698
-12.5971
-14.2809
-14.2542
-13.8918
-14.7242
-12.6141
-9.7139
-6.6018
-10.7430
-10.7717
-11.9915
-3.8463
-12.3521
-12.7905
-2.7305
-11.8939
-15.2911
-13.2792
-17.9294
-9.8709
-12.3596
-11.9764
-13.3116
-9.8577
-11.2544
-11.5539
-12.8606
-14.3949
-10.8612
-15.2886
-16.0485
-13.5726
-14.3117
-12.6912
-11.2137
-9.2932
-14.6883
-16.2856
-15.8996
-12.4102
-13.4469
-15.1514
-5.0661
-15.0632
-12.3138
-13.2606
-10.4226
-16.2439
-13.6708
-12.7107
-15.1062
-13.5825
-7.3517
-13.4131
-16.5190
-10.1724
-10.4094
-11.4947
-3.8489
-8.2875
-12.7942
-11.3171
-8.4193
-4.4324
-4.7358
-10.5020
-8.4257
-10.2005
-9.5623
-9.8632
-12.4382
-12.9198
-7.9543
-9.9084
-8.9696
-10.8694
-12.4762
-13.3434
-14.9732
-12.5563
-7.0241
-11.3384
-9.3086
-15.7365
-13.4707
-9.6065
-10.6696
-6.7401
-9.5979
-12.8555
-12.7320
-9.5138
-12.7220
-12.9041
-10.6235
-8.6571
-8.3857
-8.4806
-10.8286
-8.3425
-7.9047
-10.9546
-7.4447
-11.2143
-14.4993
-12.4986
-10.0106
-6.4771
-8.8212
-11.5680
-12.4525
-9.0354
-6.5372
-9.2399
-14.8599
-12.0466
-10.9364
-16.3570
-12.5817
-11.1448
-14.6476
-11.9439
-13.3803
-15.2959
-10.0007
-15.8034
-16.1620
-11.8168
-12.1728
-9.0257
-13.5226
-15.2409
-13.3876
-14.7120
-14.4124
-16.1216
-16.4156
-15.9817
-4.3074
-14.2349
-11.4643
-16.3093
-15.0446
-13.5026
-16.0883
-12.2785
-16.5136
-16.4205
-11.0771
-14.1893
-12.8068
-17.4903
-12.3621
-14.1459
-13.0326
-14.5908
-5.6610
-17.5070
-10.7929
-7.7331
-7.9203
-4.1449
-13.0219
-18.2489
-16.4397
-16.7632
-20.1781
-17.1303
-16.8585
-18.1515
-14.7196
-16.7195
-19.6698
-6.9222
-10.8102
-19.5970
-11.5416
-17.5337
-16.2445
-2.2886
-16.1529
-14.8436
-15.7836
-14.4657
-12.1171
-13.4671
-14.7427
-6.8091
-11.4241
-11.1161
-8.9640
-12.7192
-12.3161
-16.4659
-14.3146
-8.8575
-9.0385
-11.5551
-15.7878
-10.2176
-10.6380
-14.3667
-11.0843
-11.1090
-11.3626
-9.5505
-12.9017
-15.9358
-11.4700
-1.3975
-6.7492
-12.8657
-7.5478
-16.1540
-15.9231
-9.0262
-7.9230
-10.7747
-10.8727
-13.6957
-14.7539
-15.9755
-16.5233
-15.7944
-16.7766
-14.5572
-7.6219
-9.7998
-17.6560
-12.8523
-12.0229
-5.0354
-11.6307
-12.8096
-13.6976
-12.3471
-10.8885
-13.7417
-10.2525
-11.7029
-5.5987
-14.2648
-6.3405
-13.4973
-16.7803
-16.5250
-13.6825
-15.7790
-16.4825
-14.2757
-17.2136
-7.5285
-16.4031
-7.6324
-12.3292
-11.2529
-8.4325
-14.6964
-15.6131
-15.6786
-15.6755
-13.8420
-15.6280
-12.9433
-14.1904
-15.3484
-15.2980
-15.8867
-17.2682
-7.7596
-15.1055
-13.5772
-16.5872
-12.1531
-16.2180
-12.5962
-12.8267
-0.1939
-10.1047
-17.1757
-1.5829
-14.8650
-11.7085
-4.5863
-12.8876
-15.2253
-12.3695
-10.3312
-11.3847
-13.0176
-5.8307
-9.2530
-6.9205
-16.2402
-15.8229
-13.7445
-16.7772
0.4403
-15.4068
-16.4071
-4.3068
-12.5173
-17.1846
-16.7306
-15.4518
-12.2209
-13.3882
-14.9968
-13.5197
-18.0661
-15.0283
-17.3466
-18.4608
-15.1159
-20.5572
-14.5188
-14.8149
-15.0592
-17.2450
-17.4111
-16.6427
-16.0924
-16.3872
-15.5840
-7.8074
-4.1996
-13.2630
-11.5183
-13.1427
-8.6419
-16.0248
-9.7764
-8.1443
-10.3571
-10.2383
-11.5033
-14.5221
-16.1427
-9.4759
-15.4952
-17.9075
-8.0154
-8.2506
-15.5054
-15.7654
-13.6604
-10.6897
-17.3566
-8.9260
-12.7223
-13.3971
-11.3410
-13.7401
-11.6244
-14.8530
-11.3185
-11.9044
-10.6468
-11.4574
-12.0730
-14.2940
-10.3074
-11.7716
-12.1187
-8.9897
-15.3430
-10.2421
-11.7508
-11.8748
-14.0785
-14.3568
-14.1652
-13.5648
-12.8769
-13.3470
-11.2934
-14.0914
-11.5228
-9.9025
-15.1146
-12.5477
-13.5343
-18.1669
-16.3613
-10.3272
-8.6382
-16.2118
-15.0538
-11.6252
-11.3688
-13.5462
-13.8432
-13.8277
-14.0387
-17.0763
-13.9336
-12.8635
-16.4898
-16.2439
-17.8741
-17.4250
-15.2735
-12.5247
-10.0968
-14.1015
-14.1034
-7.8670
-11.5368
-7.9104
-9.8259
-8.1286
-8.0882
-10.6451
-8.6537
-11.3450
-6.5678
-6.1386
-11.7901
-9.6001
-8.7696
-11.7153
-10.4247
-15.7523
-14.5344
-12.4224
-8.8333
-12.5645
-13.1944
-9.3934
-3.8778
-9.2363
-10.9166
-10.6800
-12.7303
-5.6249
-8.1287
-11.6546
-10.9674
-10.9239
-9.6852
-10.2782
-8.6535
-10.1064
-11.3622
-8.4557
-15.4328
-10.1727
-12.7821
-12.8717
-12.6648
-9.2751
-7.5130
-14.6867
-18.4333
-18.7478
-17.5557
-20.3343
-17.0603
-15.0987
-15.8511
-15.3429
-14.7091
-18.2663
-16.4896
-17.8496
-17.0186
-15.5329
-13.0282
-16.3363
-11.0579
-16.3253
-14.5213
-16.6547
-16.3046
-14.4120
-15.2431
-20.9666
-13.0557
-18.3862
-13.0131
-10.1909
-12.8178
-12.4182
-11.3509
-14.2095
-22.0333
-19.2720
-12.8319
-11.2144
-19.7787
-13.7073
-10.8935
-13.2179
-16.5513
-12.8275
-16.1399
-18.0585
-12.5766
-16.3290
-13.8816
-17.5279
-16.2427
-13.7848
-15.9225
-16.6554
-12.4060
-16.3222
-17.7393
-16.2506
-16.5696
-7.0416
-15.5849
-15.8213
-15.2701
-9.2339
-7.1732
