-5.16985
-5.70527
-5.19584
-5.46449
-6.15226
-5.68726
-3.99828
-4.00428
-5.97165
-5.87788
-5.80360
-6.10146
-5.02263
-5.30057
-4.18795
-5.71370
-5.55648
-5.26810
-6.62225
-5.50110
-6.13196
-5.56692
-3.72683
-3.79527
-5.60594
-5.52369
-5.05292
-5.87873
-5.38120
-4.06754
-5.68184
-5.53917
-5.98517
-5.60002
-4.03992
-5.32701
-4.03698
-4.39811
-4.43509
-4.22914
-4.65764
-3.96262
-4.18621
-3.52105
-4.48963
-5.30609
-4.24387
-4.70144
-3.42174
-4.35485
-4.78896
-4.98078
-4.41101
-4.57107
-3.78664
-4.31181
-4.72664
-4.67636
-5.21983
-4.71914
-4.43840
-5.15818
-2.96578
-4.39814
-3.72131
-5.49857
-5.10247
-3.85551
-4.64630
-4.51248
-5.62002
-4.51182
-5.88664
-4.11503
-4.71003
-3.64078
-5.30398
-3.74998
-4.37642
-4.65370
-4.48622
-4.54241
-3.72368
-5.14576
-3.53080
-4.57657
-5.28792
-3.83523
-5.20778
-4.53700
-3.78318
-3.32510
-4.66539
-4.63397
-4.99426
-5.12216
-3.50410
-3.75721
-4.00614
-5.00278
-4.34886
-3.67189
-5.40170
-3.18192
-4.23541
-4.53362
-4.34175
-3.81358
-4.61521
-5.41969
-5.14312
-3.01724
-3.94193
-3.91108
-3.23353
-4.90615
-4.48349
-5.41743
-3.73926
-2.91953
-4.02310
-4.73677
-3.65842
-4.37994
-3.78446
-4.65135
-3.90602
-3.60350
-4.78737
-5.18583
-5.04317
-4.93197
-4.94128
-4.76010
-3.90814
-4.49255
-3.50369
-3.67801
-4.21914
-3.95329
-5.00448
-5.10667
-5.17183
-4.87464
-4.62783
-4.53258
-4.49898
-3.49100
-4.32813
-4.31973
-3.49882
-4.53579
-5.30603
-5.13751
-4.25152
-3.40809
-4.64030
-4.15061
-4.00358
-4.51779
-5.11709
-3.71955
-2.80775
-4.85202
-5.11630
-3.63467
-4.62243
-5.25587
-4.62304
-5.23244
-5.47105
-4.72971
-6.14783
-4.17777
-3.96242
-4.37594
-5.29844
-5.40924
-3.95856
-5.14737
-4.47008
-4.65548
-5.16825
-4.39067
-4.39329
-3.85440
-5.93433
-4.25424
-4.56081
-3.22749
-3.74931
-3.65861
-3.87386
-3.73378
-4.69583
-4.37008
-5.23579
-3.75415
-4.21563
-4.05500
-4.30678
-3.78160
-3.51462
-5.26563
-3.08797
-4.65984
-5.40052
-4.18924
-3.98672
-4.79605
-3.93358
-5.54687
-5.32219
-4.31815
-5.17313
-4.37955
-4.18652
-4.31694
-5.23670
-5.13676
-3.98960
-5.11832
-4.33903
-3.96475
-4.35638
-4.22672
-4.95932
-4.62105
-4.67276
-3.73656
-4.38953
-5.11884
-4.35698
-5.24707
-4.76392
-5.26911
-3.44529
-4.67778
-4.09424
-5.40968
-5.38354
-4.73708
-3.92728
-4.63393
-5.40729
-4.82236
-3.68326
-5.36964
-4.65441
-4.90129
-4.34136
-3.89890
-4.67549
-5.62697
-3.47873
-4.72976
-3.46391
-5.32615
-4.44928
-3.79464
-4.27313
-3.55541
-4.57357
-4.89503
-3.79275
-4.24504
-4.64575
-4.95916
-4.49468
-4.00206
-4.79945
-4.78130
-4.31048
-4.63307
-4.84444
-4.85314
-4.90885
-6.72902
-5.46048
-4.29352
-5.39835
-5.02981
-4.05217
-4.07532
-3.94327
-4.94340
-4.74059
-4.44747
-4.49739
-3.95873
-4.89858
-5.63581
-4.79637
-4.81758
-4.19198
-5.41171
-4.22748
-4.13506
-4.70639
-3.97555
-3.88942
-4.49547
-4.81650
-4.56247
-4.64630
-5.01389
-4.64790
-4.74437
-5.04438
-5.01784
-4.43842
-5.27637
-3.88408
-4.23735
-4.77704
-5.58114
-3.60821
-3.86594
-5.13916
-5.20521
-4.62497
-4.43651
-4.68200
-5.54228
-4.12997
-4.66748
-4.41899
-4.93139
-3.96283
-4.80441
-3.56974
-4.22781
-4.65002
-4.77359
-4.66164
-4.58123
-4.99120
-4.84356
-5.69540
-3.68945
-3.46998
-4.98585
-3.92814
-5.71455
-5.20121
-4.48154
-4.32309
-3.89448
-2.60669
-4.73232
-5.11978
-3.57614
-2.87897
-2.78098
-4.53307
-3.55585
-5.03123
-3.47297
-4.99016
-3.17365
-4.26769
-3.38851
-4.59097
-4.35963
-4.99041
-5.56245
-4.04923
-4.31693
-4.67414
-3.37134
-2.53533
-4.61495
-5.21212
-6.16532
-4.82688
-4.69054
-4.74806
-4.84087
-4.83997
-4.20285
-4.74731
-4.98951
-5.35987
-4.74704
-5.66032
-4.19170
-4.58907
-4.26684
-4.58737
-4.17931
-5.50089
-5.38389
-4.48824
-4.62177
-4.11462
-5.32519
-5.64873
-5.82481
-4.72212
-4.58494
-3.39935
-4.78670
-4.99851
-5.11868
-3.32437
-4.24763
-4.70463
-4.38452
-3.42512
-3.57801
-4.68476
-4.50591
-3.96926
-4.59106
-5.10234
-4.34187
-3.95796
-4.47051
-5.01457
-4.07587
-4.69077
-3.90198
-3.87378
-5.11326
-3.86179
-4.95161
-4.71420
-2.67781
-5.41561
-5.53467
-4.22622
-3.42037
-5.09905
-4.83035
-2.93436
-5.46030
-3.65570
-4.66795
-3.96227
-4.32477
-4.50365
-4.61426
-5.19249
-3.85109
-4.74636
-4.48012
-3.84228
-4.27991
-4.95253
-5.59527
-4.84500
-3.72891
-4.77781
-4.38325
-4.05988
-4.39457
-4.80595
-3.38287
-4.39659
-3.47609
-4.80613
-5.57199
-4.98667
-4.46472
-4.91041
-3.62109
-3.69370
-4.26862
-5.76132
-4.40990
-4.28314
-4.58341
-4.24213
-5.38738
-3.90270
-3.96089
-4.92184
-4.92320
-3.96322
-3.95464
-4.18957
-3.96058
-3.98225
-4.68445
-5.69985
-5.33901
-2.72451
-4.56991
-4.21498
-4.28467
-5.49850
-4.50292
-3.89411
-4.69431
-4.16428
-2.74327
-5.70795
-4.03003
-4.15563
-4.70413
-5.13851
-4.79529
-4.56011
-4.29321
-3.69373
-4.68839
-4.53601
-4.46786
-2.95325
-4.17108
-3.69208
-4.46243
-4.89697
-4.86392
-4.55016
-4.34701
-3.35096
-3.14119
-2.78177
-4.52879
-4.09237
-4.92481
-5.28581
-4.96546
-5.30281
-4.73982
-4.44416
-5.32821
-4.89698
-4.78199
-4.41825
-4.99125
-5.06548
-4.56273
-5.28895
-3.35235
-3.02476
-3.76005
-4.62235
-4.34089
-4.29984
-4.09150
-4.81760
-4.49271
-4.58620
-5.17158
-4.46838
-4.65023
-4.92541
-4.55815
-4.88330
-4.67933
-3.12557
-4.59835
-4.17918
-4.11919
-4.71468
-4.44937
-3.40611
-4.18431
-5.00138
-5.30260
-5.31329
-3.21808
-5.46172
-4.13100
-5.11362
-4.22807
-3.38072
-4.80985
-4.58785
-5.22339
-4.24184
-4.33358
-5.34294
-4.70307
-4.85141
-4.50792
-4.84930
-2.82233
-4.98371
-5.65490
-5.35321
-3.85100
-5.13675
-4.53667
-4.66369
-4.41388
-4.58174
-5.10129
-4.68676
-5.55468
-5.58136
-4.48435
-6.16894
-4.58752
-4.66747
-4.27146
-4.48209
-5.52856
-4.47183
-5.10764
-4.73598
-4.71327
-4.80536
-4.44393
-4.32993
-5.06375
-4.70485
-2.96899
-4.61209
-4.28285
-5.68275
-4.97882
-4.53887
-4.36503
-5.36659
-4.70960
-5.16718
-4.96633
-5.45217
-5.73296
-4.14391
-4.37893
-3.95640
-4.94709
-4.63243
-5.30256
-5.37958
-3.47301
-4.82394
-4.71200
-4.79954
-4.23627
-2.92802
-3.72244
-4.14139
-3.56094
-3.75683
-4.48169
-5.59554
-3.79604
-4.24162
-4.62768
-5.04507
-4.07534
-4.60716
-4.20157
-5.00754
-4.79585
-4.48307
-4.61506
-4.46672
-4.59205
-5.10185
-4.20344
-4.48068
-4.59379
-4.07616
-5.93450
-4.57195
-5.04044
-4.54689
-5.02656
-4.63662
-4.48849
-4.14876
-4.84631
-4.65913
-4.48068
-4.79142
-5.26859
-4.32830
-4.90563
-4.82517
-5.06840
-4.79876
-4.76950
-5.71351
-3.78242
-4.49058
-4.71320
-4.59328
-3.98799
-5.27005
-5.02191
-5.49150
-4.11532
-5.63363
-4.96067
-5.18469
-5.32384
-4.93004
-4.46391
-3.87075
-3.87125
-3.77293
-5.80538
-4.88923
-4.66334
-4.44982
-4.97680
-5.23317
-4.26537
-4.50369
-5.46798
-4.34056
-4.11737
-4.84711
-4.41443
-4.17192
-4.26993
-4.29439
-3.83030
-4.02024
-4.29377
-5.29637
-4.32522
-4.70316
-4.40423
-4.57436
-4.82153
-3.56270
-2.96411
-2.93237
-4.90902
-4.40459
-4.07956
-4.03648
-3.72849
-3.96056
-4.39311
-5.23463
-4.20109
-4.06994
-4.78696
-4.37078
-5.77157
-4.53956
-4.71614
-3.79657
-4.52300
-4.08970
-3.33837
-4.75326
-5.11236
-4.47811
-4.17710
-4.25904
-4.27123
-3.81715
-4.13671
-4.05810
-4.56276
-4.89082
-4.86809
-4.38480
-5.08458
-4.85831
-4.70023
-4.62515
-4.76576
-3.64388
-4.21304
-4.80594
-5.27064
-3.81148
-3.86970
-3.96992
-4.52069
-4.71858
-5.03349
-4.74657
-4.14917
-3.99835
-3.73514
-4.55888
-4.85931
-5.41343
-4.61564
-4.39192
-5.37917
-3.94052
-3.94603
-5.17154
-3.77597
-3.83313
-4.54427
-5.03490
-5.04059
-5.12261
-5.23846
-4.15146
-5.13970
-5.47527
-4.33817
-3.80937
-4.70731
-4.29772
-4.26072
-4.12674
-3.94040
-4.37206
-3.62646
-4.85325
-4.98437
-4.56092
-4.35955
-4.31830
-4.66150
-3.92857
-4.43296
-4.78393
-4.15123
-4.57816
-4.48218
-5.34387
-4.99530
-4.75684
-4.34691
-4.34709
-6.42912
-3.48620
-3.65495
-4.41884
-4.06389
-3.99967
-4.45515
-4.52349
-3.96084
-5.20438
-3.88698
-4.43727
-4.13360
-3.67962
-4.14795
-4.61140
-5.09764
-4.03522
-4.34231
-5.05272
-5.16085
-4.60587
-3.72912
-5.86056
-5.31613
-4.10626
-4.81241
-5.24427
-4.64351
-4.85601
-4.18990
-4.86192
-4.51498
-4.09301
-3.82526
-4.86251
-5.17909
-4.79724
-4.02146
-4.18013
-5.48487
-4.57425
-5.32346
-4.16316
-3.61135
-4.91741
-5.43440
-4.33686
-4.83779
-5.19303
-5.09765
-4.38294
-4.73419
-5.65305
-5.11325
-4.66062
-5.09140
-4.47571
-5.55566
-4.90620
-4.26711
-4.51581
-4.23132
-4.78603
-4.99467
-3.58027
-4.38222
-4.55014
-5.90305
-3.99100
-4.12817
-5.42308
-4.35513
-3.93360
-4.63802
-4.55948
-4.91726
-4.81839
-4.79734
-4.84130
-5.73994
-3.86808
-4.09267
-4.87259
-4.82630
-5.06057
-4.23108
-4.03022
-4.83821
-3.86685
-3.89990
-4.05656
-5.09715
-4.65903
-4.76508
-4.24285
-3.92060
-5.00642
-3.32601
-5.16743
-3.88686
-4.53538
-4.53179
-4.65929
-5.13960
-5.46180
-4.54158
-4.47228
-5.97442
-3.36709
-4.14800
-3.95187
-4.51185
-5.83749
-4.17095
-4.84277
-4.78089
-4.67825
-4.92940
-5.67871
-4.68228
-4.46782
-4.48111
-4.01137
-4.94254
-4.26308
-4.33906
-4.18991
-4.52663
-4.34390
-4.91029
-5.30995
-4.35603
-3.94258
-6.02146
-3.71088
-4.93718
-3.88147
-5.33692
-5.01461
-5.06127
-5.17106
-5.39175
-5.07552
-5.26918
-5.35822
-4.56102
-5.17169
-4.79171
-4.28226
-4.37132
-5.18115
-4.12218
-4.71420
-4.86676
-5.02678
-4.67833
-3.80928
-4.33907
-4.55389
-4.48418
-4.88174
-4.05381
-4.10162
-4.05362
-4.47456
-3.82982
-4.54944
-4.87342
-4.98893
-4.21073
-4.33016
-4.65927
-4.88971
-5.04085
-5.16275
-5.13660
-5.02613
-4.63621
-5.55354
-5.34812
-5.13689
-4.58191
-4.84703
-4.62222
-3.96893
-4.70729
-5.72055
-4.34565
-5.69328
-4.95323
-4.44118
-4.18993
-4.97233
-4.14750
-4.75656
-4.71467
-4.13896
-4.93000
-4.53162
-4.30449
-4.64665
-4.58113
-4.34257
-4.18564
-5.09896
-5.17615
-4.75727
-4.84491
-5.35792
-4.75671
-4.86758
-4.32142
-4.91948
-5.35579
-4.40468
-5.28947
-5.15310
-4.50175
-5.08304
-4.78803
-5.04685
-5.07270
-4.86731
-5.08338
-4.87113
-4.52109
-5.48806
-3.94717
-4.62400
-4.61747
-5.14469
-5.43337
-5.09004
-4.55319
-4.70280
-5.27989
-5.62123
-5.22159
-4.81422
-4.25599
-5.21547
-5.36154
-4.81728
-5.06716
-4.83400
-4.59988
-5.05293
-5.20153
-4.18603
-4.95097
-4.39969
-5.09205
-4.34246
-4.53985
-4.39153
-4.18497
-4.65153
-4.00558
-6.75652
-6.02841
-4.60858
-4.46656
-3.99529
-4.51804
-5.67116
-4.95893
-4.97794
-4.91408
-5.48675
-4.79315
-4.87017
-4.93590
-4.87387
-4.34849
-4.87030
-4.81799
-4.68614
-5.66958
-4.41992
-4.91692
-4.13966
-5.20700
-5.41044
-5.73898
-5.08219
-5.20941
-5.50098
-5.14900
-5.10135
-5.07652
-5.30283
-5.14224
-5.09543
-4.62890
-4.79677
-3.74549
-5.07050
-4.88621
-4.55007
-4.87186
-4.65127
-4.17477
-5.84094
-4.92212
-4.78677
-5.13022
-5.36416
-5.50424
-4.41822
-4.79435
-4.96401
-4.99724
-4.43306
-4.39600
-4.83073
-5.19796
-4.36733
-5.64028
-4.67830
-4.85032
-3.95437
-4.13271
-4.45672
-4.39011
-4.45515
-4.87868
-5.25716
-5.69635
-4.82400
-5.59897
-4.82219
-5.37406
-4.46288
-4.05247
-4.10723
-4.20850
-4.38640
-4.49037
-4.16807
-4.78601
-4.59038
-5.68720
-4.71052
-5.04089
-4.51767
-4.80018
-4.20396
-4.19047
-4.61182
-5.04297
-5.85391
-5.23551
-5.18076
-5.32716
-5.33618
-4.47797
-3.62213
-3.80568
-5.00952
-4.97759
-5.25831
-4.83688
-5.19155
-5.01039
-4.64507
-4.51736
-4.44032
-4.95655
-4.54672
-3.63386
-3.89266
-4.48902
-3.85505
-4.30628
-3.94192
-4.36657
-4.44648
-4.18242
-4.28847
-4.09122
-4.11447
-3.78129
-3.59368
-4.16324
-4.72937
-4.77413
-3.46041
-4.78168
-5.66687
-4.64596
-4.77634
-4.77322
-4.97758
-4.39682
-4.75140
-4.30475
-4.42919
-4.81561
-4.74073
-4.69695
-3.77440
-4.66537
-4.97618
-3.54601
-3.67342
-3.80807
-3.79104
-5.35389
-4.88297
-5.05577
-5.14333
-4.62622
-3.80295
-4.46940
-3.78788
-3.84995
-4.34265
-3.97722
-4.48801
-4.61511
-5.05468
-4.95646
-4.60217
-4.67126
-4.86935
-4.89016
-5.04528
-4.70573
-4.29081
-4.22139
-4.86101
-4.84946
-4.98009
-4.63138
-5.25284
-4.79767
-4.70319
-4.75265
-5.04823
-4.11088
-6.09249
-6.11708
-4.75881
-5.60216
-3.98175
-5.26783
-4.16855
-3.82159
-5.58128
-3.99755
-5.45414
-5.03994
-4.22638
-5.12161
-5.34164
-5.41468
-4.23209
-4.47221
-6.28134
-5.04215
-1.94009
-4.42105
-5.58452
-4.45236
-4.44248
-4.46769
-4.56291
-4.84285
-4.17185
-4.31335
-5.51644
-4.86652
-4.56169
-4.29737
-4.98973
-4.94758
-4.51988
-4.78992
-4.68657
-4.88368
-4.44428
-4.33540
-4.93822
-4.93011
-5.58615
-4.87735
-4.85327
-5.05871
-4.89040
-4.59684
-4.80444
-4.53866
-4.51200
-4.04320
-4.50785
-4.93639
-4.97978
-3.69386
-4.03327
-5.11707
-3.88457
-4.57291
-4.10787
-4.06122
-3.45893
-4.85186
-4.93646
-4.52511
-5.34562
-5.38845
-5.13626
-4.93265
-4.76776
-4.55786
-5.22632
-4.71010
-4.94596
-4.73240
-4.99596
-3.99986
-4.33760
-4.36044
-3.79719
-4.06494
-5.05644
-3.37532
-5.20422
-5.12137
-5.32073
-5.34665
-5.12659
-4.70885
-5.26455
-5.15385
-5.36070
-5.52359
-4.69408
-4.67661
-5.26724
-3.86373
-4.14658
-4.27803
-4.33888
-4.51441
-3.98705
-4.82961
-4.73932
-5.15299
-4.96949
-4.62189
-4.03597
-4.31877
-4.25746
-4.20967
-3.49086
-3.94264
-4.23388
-3.74874
-4.79511
-4.81892
-5.01521
-3.77851
-5.36410
-4.70496
-5.45110
-4.70145
-3.65047
-4.99271
-4.62564
-4.53609
-4.63441
-4.83447
-4.68774
-4.98571
-4.71457
-4.59951
-4.82701
-5.48421
-4.47481
-3.90588
-4.05752
-4.41012
-4.20996
-5.04901
-4.75535
-5.57243
-3.94522
-3.73306
-3.73844
-3.52816
-3.30810
-4.88882
-4.19400
-4.45232
-3.83032
-5.34748
-4.77732
-4.58767
-4.42708
-4.27152
-5.42621
-5.02944
-4.59138
-4.73065
-5.43105
-4.07536
-4.43277
-4.57390
-3.62451
-3.10329
-4.97544
-4.25804
-3.72630
-4.57554
-4.07627
-5.51821
-4.70625
-3.62916
-3.36964
-3.94760
-4.24864
-4.46367
-5.10006
-5.25175
-4.70032
-3.37515
-3.83734
-4.75390
-4.65378
-5.37753
-4.17842
-4.56917
-4.28538
-5.78657
-5.45556
-3.81448
-4.63057
-4.08211
-4.17574
-4.36704
-4.19640
-3.47492
-3.52238
-4.65248
-4.22154
-4.13951
-4.31939
-4.72109
-5.46114
-4.30645
-4.78517
-4.34672
-4.00756
-4.20683
-5.85110
-5.71278
-5.07352
-4.77853
-4.20854
-4.32063
-3.83107
-3.83121
-4.59244
-4.94365
-5.09266
-4.19278
-5.28372
-4.15827
-4.49578
-4.93253
-4.29362
-6.01391
-4.43568
-3.73064
-3.89367
-4.53100
-4.17520
-4.88583
-4.53785
-4.99854
-4.99002
-5.03621
-5.19346
-5.87016
-5.52316
-4.16266
-4.36458
-4.56219
-4.43256
-4.85546
-4.92278
-4.66403
-5.71885
-4.56929
-4.64659
-5.28679
-4.81442
-4.81010
-3.96238
-4.57946
-4.57796
-4.05684
-5.03045
-4.29364
-4.71708
-5.56410
-4.67077
-5.05614
-5.24786
-7.48506
-5.00823
-4.67513
-5.47923
-5.53072
-5.58119
-4.82350
-5.84101
-4.09722
-4.46309
-4.51370
-4.67031
-4.00019
-4.77766
-4.96254
-4.62702
-5.30467
-5.27802
-4.40245
-5.02623
-5.23890
-4.64029
-5.73144
-5.91966
-5.41888
-4.08203
-4.32231
-4.08198
-4.17893
-4.31328
-4.19834
-4.46042
-4.74622
-5.97961
-4.70297
-3.97383
-5.18431
-4.51267
-3.77943
-4.14184
-4.35057
-4.04189
-4.46199
-4.20933
-4.08207
-3.95831
-3.81215
-5.02543
-4.80718
-3.66820
-5.01277
-4.92593
-4.11087
-5.23357
-4.10065
-4.58552
-3.81935
-4.01275
-4.46509
-4.13421
-4.07265
-3.75311
-4.58405
-4.05387
-4.18376
-5.17527
-4.15874
-5.09976
-4.43860
-5.17108
-4.23627
-5.44579
-4.16855
-3.85776
-5.09881
-4.16945
-5.08549
-4.34766
-4.57298
-4.54371
-4.51111
-4.12166
-3.77445
-4.43320
-5.22394
-5.80184
-5.76052
-5.80378
-5.21397
-5.85785
-3.92913
-4.18988
-4.43713
-4.61549
-3.63055
-5.21009
-6.36149
-4.60057
-4.65928
-4.32776
-4.66159
-4.28215
-4.00101
-4.06042
-5.05554
-5.16271
-4.88441
-5.17321
-4.96489
-5.15153
-4.94317
-5.51335
-5.48778
-5.06508
-5.34974
-4.24184
-4.56086
-5.08050
-3.85098
-4.08622
-4.42191
-4.83680
-4.65448
-4.76859
-4.21342
-4.22023
-4.74683
-4.93756
-3.98008
-4.24003
-4.18179
-6.02514
-4.82468
-4.76168
-4.88323
-4.43633
-4.49999
-4.31912
-4.61031
-4.56052
-4.74335
-4.23586
-4.93457
-5.05582
-5.00536
-3.96605
-4.23690
-4.28088
-4.47141
-3.85591
-3.96098
-5.23879
-4.73537
-4.51612
-4.87729
-4.42239
-4.24763
-4.09225
-3.77511
-4.97826
-4.37595
-4.44696
-4.28258
-5.54463
-5.32379
-4.71302
-4.24710
-3.92556
-5.04055
-4.73801
-4.29517
-4.51659
-4.39140
-3.89208
-4.04081
-4.47819
-4.63664
-5.18495
-3.55804
-5.03556
-4.57159
-5.67220
-5.69752
-5.36748
-4.46659
-4.71017
-4.75097
-4.23645
-4.57464
-4.23826
-5.37082
-4.60255
-4.09843
-4.17235
-4.23379
-4.97952
-4.75513
-4.88834
-4.35359
-4.49065
-5.03452
-4.18249
-4.16067
-4.30926
-4.30567
-4.21016
-5.22277
-5.30649
-4.63303
-5.44058
-4.29948
-4.58715
-4.25546
-3.80981
-4.46150
-4.31895
-4.34050
-4.99118
-4.01780
-4.81806
-3.98873
-4.84834
-4.64323
-6.02400
-6.09962
-4.93236
-3.60284
-5.39154
-5.22228
-4.78203
-4.27059
-4.25607
-5.70056
-3.31950
-4.05549
-4.06977
-4.26000
-4.97293
-4.36671
-3.66587
-5.46174
-3.88520
-4.95076
-4.50933
-4.83280
-5.90493
-4.07132
-5.44190
-5.40486
-3.71133
-3.97134
-4.71014
-4.73293
-4.93410
-4.52146
-5.55431
-4.23256
-3.22648
-4.57207
-4.17617
-3.99385
-4.13939
-4.29561
-4.29015
-4.58844
-5.14249
-4.93534
-3.99270
-4.46219
-4.23628
-4.10672
-4.75813
-4.72096
-4.18577
-4.72129
-4.23526
-4.36267
-4.01540
-4.44875
-4.37656
-4.13742
-4.03488
-4.59138
-4.18322
-4.03613
-3.52900
-4.31175
-4.45142
-4.70148
-4.48660
-4.71881
-4.04451
-4.20057
-3.43564
-5.34644
-4.64613
-3.99166
-4.68468
-4.52464
-4.26986
-3.96822
-3.62732
-3.67350
-3.85658
-4.58841
-4.33322
-4.18662
-3.81675
-4.01910
-3.93870
-4.20754
-3.48299
-3.46051
-3.67349
-3.89587
-5.15738
-4.29041
-4.03738
-4.22591
-4.32324
-4.34983
-4.30742
-4.99481
-4.44074
-4.79950
-4.75014
-5.04967
-4.68151
-4.60829
-4.61714
-4.93306
-5.20259
-4.66078
-4.26266
-4.45311
-4.31246
-5.60441
-4.89553
-5.48184
-4.79898
-3.63996
-4.22582
-4.20132
-4.51430
-4.64234
-3.90033
-3.99097
-4.57902
-4.85727
-5.19236
-5.03640
-4.08657
-4.77101
-6.10272
-6.04406
-5.61029
-5.57258
-4.51512
-4.20062
-5.75904
-5.16764
-5.37553
-4.52207
-5.22780
-5.02920
-5.40165
-4.67400
-4.67377
-5.83420
-5.91635
-5.27479
-5.34120
-4.79636
-4.68183
-5.00710
-4.47794
-4.49439
-4.93789
-4.51662
-5.21335
-4.32310
-4.24387
-4.57578
-4.97036
-5.10186
-4.98037
-4.67164
-4.62558
-4.76101
-4.86715
-5.84554
-5.17527
-5.41729
-5.26379
-4.65903
-4.33205
-5.05475
-5.33312
-4.92056
-3.73686
-5.12260
-4.71581
-4.43726
-4.43395
-4.43337
-4.86770
-4.19225
-4.58052
-4.60153
-5.07896
-3.59421
-4.73869
-4.59405
-4.54126
-4.45987
-4.98408
-4.13170
-3.88120
-3.97276
-3.78586
-4.37918
-3.84461
-4.87623
-4.52095
-4.12465
-3.86477
-3.96567
-3.90247
-3.68944
-4.00152
-4.21828
-3.84617
-5.60399
-4.47149
-4.45051
-4.29019
-4.25516
-5.11455
-4.36645
-4.87924
-4.35602
-5.06356
-3.86718
-4.95977
-4.57317
-4.52010
-3.74597
-3.73358
-3.44089
-4.30507
-3.96441
-4.99705
-5.89387
-4.55390
-4.58510
-4.44042
-4.29713
-4.10131
-6.04548
-4.91871
-4.77175
-6.00659
-6.68494
-6.41225
-5.08238
-5.27475
-4.44448
-4.47826
-4.52113
-5.56456
-5.57429
-5.28226
-5.12241
-5.72816
-4.71892
-5.61720
-4.85601
-4.66278
-5.41687
-5.15776
-5.25758
-4.97368
-5.07168
-4.44365
-4.12106
-4.64163
-4.60831
-4.68779
-3.92500
-5.16174
-4.34365
-5.39799
-4.90732
-3.68531
-3.99324
-3.46327
-5.94178
-5.06357
-4.19484
-4.66345
-4.15219
-3.75148
-4.43753
-5.23723
-4.98965
-5.03399
-3.61413
-4.19433
-4.22654
-5.05305
-4.58452
-4.87779
-5.61160
-4.42957
-4.24127
-4.10686
-4.36932
-5.06608
-4.66836
-4.54673
-4.95356
-4.46020
-4.49233
-4.27246
-5.09987
-5.02211
-4.52030
-5.04920
-3.76480
-3.76782
-3.77261
-5.00130
-4.09646
-4.53327
-3.92640
-3.53713
-3.60469
-4.26379
-4.69328
-4.46524
-4.07630
-5.43984
-4.39458
-4.35919
-4.43374
-4.45734
-5.33354
-5.38857
-4.89465
-5.37911
-5.99132
-4.40301
-5.33170
-5.90042
-4.14360
-4.99776
-4.87351
-4.84644
-4.35939
-4.42353
-3.93370
-5.19083
-4.49631
-4.32583
-4.84785
-4.47814
-5.04241
-4.40620
-3.77100
-4.91596
-4.14357
-3.46133
-4.56536
-4.59640
-4.30440
-4.42172
-4.68903
-4.82572
-5.68653
-3.54357
-4.07302
-4.20758
-5.13933
-3.74253
-5.81135
-4.81817
-4.76249
-4.00400
-4.55814
-4.93194
-5.32720
-5.13735
-4.48519
-4.73048
-4.46013
-4.53834
-4.49670
-4.43188
-4.96175
-5.14820
-4.84498
-5.53919
-4.45515
-4.16505
-4.74725
-5.37853
-5.09481
-4.11068
-4.18056
-5.29507
-4.46019
-4.63503
-3.76932
-4.28896
-4.49932
-4.91927
-4.03721
-4.05482
-5.63981
-5.21179
-5.11559
-4.67926
-6.58102
-6.19339
-4.50574
-6.28585
-5.49400
-5.15236
-3.82976
-5.06388
-4.01255
-3.99586
-4.60194
-4.25646
-4.62793
-4.48982
-4.30731
-4.48921
-4.08444
-4.32253
-4.29786
-4.16568
-4.34360
-4.32034
-5.74023
-5.37684
-3.89789
-4.35740
-3.67058
-4.37790
-3.89684
-4.46534
-4.37236
-5.04255
-5.28610
-4.58623
-5.17265
-4.31398
-4.91149
-3.64904
-3.71574
-4.17045
-4.93878
-4.73692
-4.04516
-4.46700
-3.99246
-3.94222
-4.42904
-4.00848
-4.71614
-3.96689
-4.74897
-5.01148
-4.83178
-5.12094
-5.01303
-4.93119
-4.46329
-5.07710
-5.00589
-5.11609
-5.23522
-4.44702
-5.09963
-4.69756
-4.16599
-4.84159
-5.16678
-5.06992
-5.00119
-4.52196
-5.13418
-5.15279
-5.45743
-4.80972
-5.91205
-5.79084
-4.74969
-4.53266
-4.50658
-4.45881
-4.86883
-4.32918
-4.40496
-4.47821
-4.22419
-3.74596
-5.40034
-4.23208
-5.29308
-4.20744
-4.29665
-4.82000
-4.37166
-3.98241
-3.64198
-4.12474
-4.76204
-3.55667
-4.46186
-4.43134
-4.40719
-5.22353
-3.78695
-4.76863
-4.21410
-4.91894
-4.80986
-4.48080
-4.81981
-5.04812
-5.35518
-4.74677
-5.21983
-4.96215
-5.09277
-5.04532
-4.94728
-4.97527
-4.64812
-4.82280
-4.52253
-4.51904
-4.68941
-4.64936
-4.57110
-5.01266
-4.74206
-4.82861
-4.75663
-4.15301
-4.13764
-4.18831
-4.09418
-4.81999
-4.77713
-4.33823
-5.40449
-5.78848
-6.21542
-4.78566
-4.66261
-5.30950
-4.60578
-4.68797
-4.79945
-5.07682
-5.29193
-5.46838
-4.94653
-4.81287
-5.04166
-4.64452
-4.91167
-4.48367
-5.76399
-4.69641
-4.95134
-5.40983
-4.40789
-4.23268
-4.47525
-5.16495
-4.45054
-4.29931
-4.01792
-3.78495
-4.12947
-4.60476
-3.78369
-4.61038
-4.70464
-5.62679
-5.10478
-5.47921
-5.02150
-5.58498
-4.75359
-4.20270
-4.78404
-4.24303
-4.07219
-4.62632
-4.84595
-5.04523
-4.81905
-4.75712
-5.72738
-5.09734
-5.17737
-4.95878
-4.46203
-4.98985
-4.68554
-4.71683
-4.43384
-4.82826
-4.95022
-4.17176
-5.38613
-4.67301
-4.16715
-4.12268
-3.84523
-4.86174
-4.87689
-5.62649
-4.61763
-6.00921
-5.40542
-5.30809
-4.66956
-5.21537
-4.41325
-3.89596
-4.05782
-4.35055
-3.87340
-3.86532
-4.78018
-4.32339
-5.97467
-4.26391
-4.36277
-4.07879
-5.11035
-4.54967
-5.60792
-5.39973
-4.84949
-5.04301
-5.08850
-5.05052
-5.05044
-4.96783
-4.46854
-4.61936
-4.17091
-3.96194
-4.53652
-4.37155
-5.13550
-4.72775
-3.88046
-4.92756
-3.80040
-4.50158
-4.76895
-4.40601
-4.50819
-4.03779
-4.75358
-4.26920
-4.23572
-4.16791
-5.02946
-5.27074
-4.92324
-4.50278
-5.53609
-5.08364
-4.58649
-4.91138
-3.87932
-5.11605
-4.65795
-4.33396
-4.35493
-4.42771
-4.40105
-5.13127
-3.72888
-3.75737
-4.30904
-5.64216
-3.97739
-4.52172
-4.86630
-5.06612
-4.45083
-4.34203
-4.63459
-3.93808
-4.28420
-3.98339
-3.86376
-4.33498
-4.21100
-3.71019
-4.06834
-4.61181
-4.58147
-4.08772
-4.23801
-4.46380
-4.91809
-4.64052
-4.69565
-4.70913
-4.48608
-4.41086
-4.86465
-5.12837
-4.61124
-5.05159
-4.49765
-4.74262
-4.87207
-4.18439
-4.56704
-4.04820
-4.13665
-4.48736
-4.48859
-3.93410
-4.09134
-4.54061
-4.54781
-4.34047
-3.87270
-4.62384
-5.02027
-4.65511
-5.00872
-4.89981
-4.87770
-4.18408
-3.85712
-3.91686
-3.77501
-3.63725
-4.47310
-4.15928
-3.95526
-4.12341
-4.11697
-5.18480
-3.72156
-3.88631
-3.90224
-3.92651
-4.24565
-4.81099
-4.04331
-3.92578
-4.10297
-4.29572
-3.62269
-3.58834
-5.44636
-5.67163
-5.30732
-3.92366
-4.08423
-3.62211
-4.16502
-3.95321
-4.94196
-4.38367
-4.09050
-4.28038
-5.15842
-5.36584
-4.85817
-4.26467
-4.32239
-4.32860
-4.64858
-4.37274
-4.25994
-4.64807
-4.46595
-5.04215
-3.86103
-4.80414
-4.47400
-4.23480
-4.95556
-4.33885
-3.71498
-4.92026
-4.53454
-4.28414
-4.45520
-4.38115
-4.62719
-4.39582
-4.29210
-4.31466
-4.37207
-5.92757
-4.38189
-5.18438
-4.61829
-4.29304
-4.19917
-3.62882
-4.09879
-4.45208
-4.59832
-4.94902
-4.07681
-4.70008
-4.82853
-5.20460
-4.84879
-5.21287
-3.79751
-3.52003
-4.29466
-4.81422
-5.27436
-4.19420
-4.69630
-4.58999
-4.62044
-4.25144
-4.73306
-4.38743
-4.31871
-3.92904
-3.62404
-3.98025
-5.20661
-3.90307
-4.71388
-4.53555
-4.35466
-3.95771
-3.74581
-4.12612
-4.61692
-4.82823
-4.42178
-4.15972
-4.60892
-5.21150
-4.54153
-3.91326
-4.22842
-4.32876
-4.11090
-4.66398
-4.05397
-4.37734
-4.44198
-4.59288
-4.74783
-4.39667
-4.24972
-4.80465
-3.88079
-4.69069
-4.37650
-4.31090
-3.88711
-4.49681
-4.48185
-3.95082
-4.93876
-4.36007
-4.41391
-5.42090
-5.58943
-5.11617
-4.10809
-4.69911
-4.69283
-4.69781
-4.47042
-5.91551
-6.28614
-6.91074
-4.71526
-4.59813
-4.42723
-4.76039
-4.24024
-4.83528
-5.39949
-5.80004
-5.64699
-4.91281
-3.86364
-4.27478
-4.04015
-4.52149
-4.04074
-4.05232
-5.51855
-4.93578
-4.08833
-3.91898
-3.86218
-3.88073
-5.12333
-4.40500
-4.22856
-4.40345
-5.35268
-4.57963
-4.99008
-4.71719
-4.29509
-5.46362
-5.25989
-5.33387
-4.98445
-5.26213
-4.01549
-4.68424
-4.66940
-5.09188
-5.16310
-5.04593
-4.10228
-4.13130
-4.33691
-3.90629
-4.75915
-4.23097
-4.31675
-4.15443
-4.20193
-4.85813
-4.11671
-4.15142
-4.19819
-4.32496
-5.34990
-5.03179
-3.78184
-3.97689
-4.19959
-4.20621
-4.15958
-4.55380
-4.68891
-4.55227
-4.11811
-3.99352
-4.38795
-4.86072
-4.57186
-3.86015
-4.15382
-4.26339
-3.56458
-5.42586
-4.10592
-3.99552
-6.30960
-5.49839
-5.36185
-4.16142
-3.55014
-3.48620
-3.23131
-3.28989
-3.62296
-3.57599
-3.79633
-3.86179
-3.06322
-3.13578
-3.25986
-3.17956
-3.11700
-3.23170
-3.92036
-4.55917
-5.32914
-4.13901
-4.47301
-3.72982
-3.92364
-4.40739
-4.11703
-4.01351
-3.80093
-4.48999
-3.86339
-4.19480
-3.90527
-4.61069
-4.42408
-3.77287
-4.20529
-4.45426
-5.31190
-5.07786
-4.84959
-4.26273
-4.75293
-4.66195
-4.30605
-4.43090
-4.71560
-5.13527
-4.35072
-4.52423
-4.57351
-4.54899
-3.88783
-4.42904
-4.20453
-6.35159
-4.36604
-4.00469
-3.80504
-4.19361
-4.48132
-4.48713
-4.07535
-4.42756
-3.94927
-4.60647
-4.15796
-3.94848
-4.37538
-4.78741
-5.39235
-4.34643
-4.27129
-4.59222
-5.31942
-5.09372
-5.37665
-5.52258
-4.48856
-5.24379
-5.04419
-4.49552
-4.72906
-4.12865
-4.12122
-4.44107
-4.65601
-4.15030
-4.04089
-4.38538
-4.44041
-4.23621
-4.15117
-4.14440
-3.99456
-4.80885
-4.57643
-4.08866
-4.07171
-5.10117
-3.89053
-4.66912
-4.56581
-4.52556
-4.18188
-4.46002
-4.09606
-3.95777
-4.39855
-4.75161
-4.54304
-4.09491
-5.28911
-5.00629
-3.44688
-4.06034
-3.92657
-4.24638
-3.85661
-3.99330
-4.09798
-5.05288
-4.93466
-5.28548
-5.55309
-5.11341
-4.10072
-4.71409
-4.33592
-4.36475
-5.82566
-5.16798
-4.76148
-4.17183
-4.72028
-4.54105
-4.41774
-5.76802
-5.29851
-5.39861
-4.66511
-4.33635
-4.06872
-4.01270
-4.56168
-4.13576
-4.72292
-4.19442
-4.63502
-4.54092
-4.74933
-4.55116
-4.41892
-3.87090
-3.86460
-3.78617
-4.45008
-4.52531
-4.74022
-4.29036
-4.07764
-4.37600
-4.17960
-5.72861
-5.65296
-3.75288
-3.98491
-4.18503
-4.10952
-3.99384
-3.93382
-5.03057
-4.77047
-4.19630
-5.18827
-4.12990
-4.12668
-4.60032
-4.99392
-4.47216
-4.96211
-4.32193
-4.34453
-4.31099
-4.25876
-4.30862
-4.44535
-4.51009
-3.91735
-4.48487
-3.87685
-4.30859
-4.07915
-5.35317
-4.29803
-4.35616
-4.41661
-4.21390
-4.46979
-3.96374
-4.72505
-4.56206
-4.25186
-4.34782
-4.54906
-4.50723
-4.25637
-4.03079
-4.63338
-4.06038
-5.46971
-3.62082
-3.87683
-4.10614
-3.96880
-4.96044
-4.97176
-4.83927
-4.36893
-4.17308
-4.84251
-4.65027
-5.01509
-5.19381
-4.85407
-4.97500
-5.38025
-5.27451
-4.13263
-3.77992
-4.48863
-4.17444
-3.57017
-4.41400
-4.43289
-5.25684
-4.43183
-4.37793
-4.16892
-3.93273
-4.26279
-4.24874
-4.53536
-4.19944
-4.28828
-3.84009
-4.94264
-4.99566
-5.61002
-4.96024
-4.51294
-4.46713
-4.23632
-4.14993
-5.20122
-4.98092
-2.84902
-3.68801
-3.23511
-5.30590
-4.56189
-4.23733
-3.34578
-4.94003
-4.41118
-4.16868
-5.73723
-4.66733
-4.82686
-5.16469
-4.84713
-3.51392
-3.59509
-5.17559
-4.94964
-4.45972
-4.24501
-4.25806
-4.50341
-5.42554
-3.79874
-4.43281
-5.32633
-5.42537
-4.20532
-4.65213
-5.15128
-5.74070
-4.88595
-4.67487
-4.98354
-4.83824
-3.83731
-4.98739
-4.61296
-5.07852
-5.06109
-5.18883
-5.89381
-5.67022
-4.82322
-4.11703
-4.30466
-5.66201
-4.89156
-4.79475
-4.90733
-5.42993
-4.86704
-5.43786
-5.31816
-6.09652
-4.84564
-4.69274
-4.92639
-4.87311
-4.81520
-5.21201
-4.36752
-5.72438
-5.02248
-5.15736
-5.76042
-3.58423
-5.65964
-4.68373
-5.20638
-4.03197
-4.80321
-4.20804
-4.48154
-4.61332
-4.96714
-4.75705
-5.99269
-6.08668
-5.03317
-4.99734
-5.11495
-5.06906
-5.15720
-4.53670
-5.51651
-5.80230
-4.49447
-4.83669
-4.81000
-4.86152
-5.16871
-3.91402
-4.11492
-4.14837
-5.77735
-5.31233
-4.13217
-4.49916
-5.20239
-4.74006
-4.72656
-4.86676
-5.08798
-4.65904
-4.46384
-4.68009
-5.44628
-5.85576
-4.36430
-3.79986
-3.68067
-3.41325
-4.75389
-4.55982
-4.61848
-6.18125
-6.13005
-4.90806
-4.82796
-4.37379
-4.44371
-4.42551
-5.17733
-4.86738
-5.05021
-4.59419
-5.22909
-5.36770
-5.92108
-4.79462
-4.49909
-4.89593
-4.72717
-5.06424
-4.89515
-4.62826
-4.23195
-4.33383
-4.05441
-4.46828
-4.10643
-3.90963
-3.32046
-4.75725
-4.78321
-3.53789
-4.51494
-4.14446
-4.95253
-4.36193
-4.19822
-4.05103
-4.18406
-3.08292
-5.08067
-4.57533
-4.23282
-4.42408
-3.97836
-3.80781
-3.04521
-4.01183
-5.52507
-5.14304
-4.75382
-3.74134
-5.17600
-4.77602
-4.15846
-4.13978
-4.83855
-3.80184
-5.05832
-4.26728
-5.44671
-5.36378
-4.37951
-3.91986
-4.36576
-4.31401
-5.33562
-4.43611
-5.07916
-4.96090
-3.68029
-3.96105
-4.66938
-5.56376
-4.26847
-4.06495
-5.04264
-5.48064
-4.38160
-4.29322
-4.63252
-4.62078
-5.29740
-4.57080
-4.69237
-5.42611
-5.33827
-5.28375
-5.18368
-5.69016
-4.67376
-5.33188
-3.93763
-4.10184
-4.43063
-4.72498
-4.35609
-4.27171
-4.52334
-5.14673
-6.36716
-2.99647
-3.32588
-3.50956
-5.68150
-4.53993
-3.54488
-4.57304
-5.14068
-4.39693
-3.04901
-5.46334
-3.97643
-5.87819
-5.70522
-6.31572
-4.18808
-4.93189
-5.63161
-3.60412
-4.28505
-3.05741
-5.25726
-6.04794
-5.19258
-4.98502
-6.15001
-5.31455
-4.43398
-5.72187
-5.60680
-5.37390
-6.07274
-5.17787
-4.22837
-5.56470
-5.21526
-4.55210
-6.06368
-5.43579
-5.06434
-2.74188
-5.01211
-3.05911
-3.00325
-5.68282
-5.27025
-2.52161
-5.52484
-5.77338
-4.82398
-6.14329
-5.68658
-6.57682
-5.56801
-6.15100
-4.66816
-5.19443
-6.10752
-5.77950
-4.87500
-5.96964
-6.61615
-5.97695
-5.60243
-5.57652
-6.52414
-5.48177
-6.29817
-6.25728
-5.54935
-5.14195
-5.29282
-3.79895
-6.05285
