-13.9569
-17.1829
-15.6404
-16.0333
-20.6535
-12.9194
-14.8277
-15.5411
-15.6350
-18.3448
-17.0463
-16.6858
-10.6315
-19.0946
-10.8272
-18.3751
-16.8705
-15.3746
-19.0929
-12.8893
-10.4566
-19.3943
-12.7611
-13.2649
-14.3442
-16.6371
-16.7379
-14.9365
-18.5532
-7.3534
-12.3404
-11.3738
-17.1225
-11.5974
-14.8850
-12.7403
-16.2494
-14.1628
-10.2307
-5.4027
-13.8366
-9.0585
-13.0863
-12.9539
-8.0099
-9.7723
-14.1516
-15.4335
-4.9992
-10.3904
-10.8388
-12.1509
-10.7945
-12.6835
-16.4499
-10.3761
-6.6910
-12.0469
-11.8329
-8.3548
-14.7019
-3.6107
-8.9212
-9.7035
-12.9669
-15.4430
-10.9433
-10.4683
-12.1785
-10.8815
-4.0832
-14.4295
-13.0849
-17.4209
-15.6924
-10.6002
-11.8610
-14.7896
-11.2569
-9.9315
-13.3295
-14.9414
-18.3520
-7.0379
-11.9631
-9.9534
-10.5243
-11.9592
-12.8370
-11.5639
-14.5876
-9.6121
-12.4145
-10.0952
-16.4580
-12.7912
-8.7806
-13.6244
-13.3103
-10.8814
-13.8299
-10.7819
-8.1687
-10.3656
-16.2265
-16.3464
-16.2117
-14.4105
-16.2393
-15.5910
-9.8908
-10.3356
-10.4086
-11.1997
-11.1717
-9.6080
-12.5859
-9.6897
-11.2839
-9.6255
-14.1137
-14.7661
-14.1713
-14.3054
-11.9672
-13.7764
-14.1414
-12.0624
-11.9875
-17.7344
-9.6625
-14.8131
-16.5099
-7.0160
-6.3574
-10.5349
-9.7984
-11.7810
-3.6176
-3.7346
-13.6414
-12.6364
-13.0572
-8.6568
-10.2359
-9.4627
-13.0909
-15.6363
-14.2681
-8.6802
-18.9181
-14.4085
-11.0752
-16.4513
-14.3776
-12.8761
-12.1125
-16.8364
-14.9502
-16.9536
-13.1413
-12.7699
-16.2451
-12.8249
-12.5616
-6.3751
-13.4239
-14.7948
-12.9314
-10.7630
-11.9383
-10.5621
-15.3759
-13.3514
-6.8618
-8.0805
-15.1450
-6.5153
-17.8741
-18.3303
-17.5035
-8.5722
-12.0819
-16.1285
-12.2416
-9.5113
-6.0302
-14.1389
-12.6870
-13.7279
-7.6090
-10.3631
-14.5664
-14.5402
-11.0700
-13.8479
-13.6701
-9.6125
-13.9409
-14.3102
-7.9160
-12.4124
-15.5144
-11.5322
-11.0718
-3.7693
-14.3088
-13.6913
-3.8384
-11.7655
-9.6281
-12.4430
-11.8527
-13.8587
-12.3360
-11.3792
-9.4906
-9.2574
-12.8509
-15.0806
-11.5395
-10.0282
-12.9309
-12.1563
-11.4242
-11.1669
-8.1894
-14.9401
-14.1828
-12.3288
-13.7602
-14.0012
-9.0728
-9.0977
-12.1441
-11.0613
-15.2053
-13.2386
-18.1102
-13.0462
-14.0813
-13.4003
-10.5835
-13.0259
-12.8900
-14.2175
-10.1263
-11.0018
-13.6467
-11.9467
-11.6909
-12.1465
-14.0377
-12.8941
-6.4122
-10.5418
-5.9019
-2.8165
-10.4950
-14.7801
-19.5396
-18.6297
-13.1940
-8.3692
-16.4738
-14.3848
-15.8090
-14.3661
-15.5361
-15.9125
-18.5225
-15.4759
-13.0181
-16.5081
-16.6017
-10.6775
-11.5807
-15.2252
-15.1363
-15.0887
-14.9373
-12.7327
-13.8295
-12.6954
-15.6913
-18.5437
-19.0658
-18.3983
-17.0534
-18.6389
-18.1279
-18.1271
-18.6424
-19.3697
-18.8616
-17.8206
-13.8982
-18.0086
-17.6744
-18.7363
-12.4168
-16.5243
-17.6660
-18.1801
-17.4310
-13.9233
-10.0644
-21.1211
-16.2099
-15.6353
-10.1682
-16.0549
-18.4249
-16.0773
-19.1360
-19.1171
-18.5806
-15.2410
-16.5498
-14.1752
-16.2121
-18.3784
-11.6388
-15.8048
-15.6969
-13.3348
-15.9283
-7.0320
-15.8979
-19.3007
-16.1003
-13.8536
-13.3979
-16.9903
-17.2073
-20.4258
-17.4693
-18.3287
-14.8615
-7.8879
-15.2606
-18.2257
-16.2836
-10.1783
-15.4311
-17.1339
-14.8693
-8.1965
-17.0372
-16.8817
-14.9415
-13.3233
-14.8579
-11.8578
-13.3204
-14.7572
-11.6444
-14.1448
-7.8372
-8.7035
-5.2845
-10.7901
-13.0000
-14.4945
-12.8294
-12.0447
-10.7085
-10.8228
-9.5939
-13.7616
-13.1747
-10.5664
-7.3540
-12.4741
-12.8668
-12.1458
-14.0732
-14.6354
-12.5935
-10.6672
-4.2824
-7.8224
-12.6383
-10.8288
-10.9306
-16.8485
-16.6948
-8.8642
-11.6340
-14.4688
-11.1847
-5.0546
-10.8016
-11.5343
-14.4060
-12.6210
-12.4052
-12.6637
-2.2525
-12.9777
-17.9312
-8.5525
-9.8407
-10.9765
-13.0537
-12.3482
-15.6986
-13.9013
-19.3414
-20.2088
-20.1726
-18.6144
-18.5021
-12.1348
-6.4399
-16.6618
-16.6485
-15.1534
-17.5352
-16.1578
-19.3959
-18.6844
-15.8695
-19.8805
-18.8308
-17.1845
-10.0827
-9.3687
-6.6790
-12.4513
-6.5805
-13.2956
-10.3330
-15.0515
-10.7072
-6.6099
-12.2890
-10.6986
-8.7559
-4.4628
-8.7858
-11.2185
-14.6225
-8.9030
-15.2913
-12.2755
-13.7134
-11.1852
-18.2367
-10.5145
-11.9016
-10.4035
-13.4366
-14.4415
-13.9742
-11.8436
-10.7200
-12.8311
-14.1504
-11.8831
-10.9210
-10.7799
-14.0588
-10.7713
-14.1788
-10.7487
-9.5430
-12.4335
-11.9562
-10.7630
-16.8284
-12.0844
-14.1177
-14.4980
-10.9826
-8.5212
-10.5618
-6.6248
-17.2531
-17.9899
-13.9356
-11.4796
-10.2364
-16.1418
-18.0702
-16.8187
-11.8989
-14.3056
-9.4180
-19.6891
-15.5680
-17.0133
-17.6600
-15.8486
-18.6049
-13.6807
-19.4614
-20.9539
-3.6392
-8.0356
-14.0765
-19.9910
-20.6529
-10.9176
-17.3305
-16.5576
-12.9616
-14.9233
-16.4874
-18.0709
-19.0476
-18.1661
-15.3542
-5.1815
-12.9196
-13.4145
-13.5826
-3.1567
-6.9092
-6.4644
-12.3617
-12.6417
-14.8533
-9.1343
-15.6918
-12.1917
-14.8411
-15.1193
-13.0227
-16.3090
-16.9727
-15.0341
-14.1434
-7.3799
-16.0365
-16.8971
-17.0435
-14.9002
-16.0127
-15.1757
-15.1877
-16.7069
-12.9266
-14.2582
-12.7069
-5.2632
-15.1371
-13.5742
-13.9353
-0.6496
-17.9421
-13.4355
-18.2289
-5.2412
-10.6614
-12.8666
-14.2261
-14.1483
-6.4208
-3.5987
-10.4024
-8.5572
-4.8773
-14.9927
-13.7924
-11.8516
-13.9811
-10.1757
-8.1329
-10.6824
-12.5807
-12.2491
-5.3145
-4.2254
-12.7005
-11.3633
-12.4060
-10.9794
-12.7486
-12.3430
-11.8655
-9.5576
-8.2409
-11.1397
-12.9151
-11.9719
-14.9231
-14.0467
-9.6037
-14.3572
-12.2520
-9.5047
-10.4509
-13.4012
-12.5897
-13.0526
-13.2823
-12.8882
-10.5253
-9.6020
-9.8931
-9.0862
-12.3498
-7.1783
-13.5961
-13.6095
-11.8303
-6.7547
-13.8077
-10.2858
-9.0255
-13.2653
-11.6095
-12.9741
-7.2412
-4.4608
-10.6537
-10.8117
-11.6348
-12.7291
-3.7565
-13.9407
-14.7247
-10.4607
-14.0300
-7.9274
-14.2832
-15.1955
-0.4500
-3.5557
-8.4001
-14.9773
-11.8542
-6.4229
-12.9810
-13.9796
-13.3353
-9.0710
-10.5597
-15.1700
-17.6426
-11.0230
-16.4432
-17.1395
-9.9887
-17.0880
-12.1578
-13.3286
-16.7523
-17.0905
-15.2096
-15.4868
-4.2505
-6.9520
-16.8068
-19.5257
-15.5519
-6.2891
-6.5780
-11.1911
-4.9805
-7.9238
-9.7111
-11.2638
-10.2458
-12.4218
-11.9810
-11.8412
-10.7205
-2.4460
-6.4049
-11.1625
-8.9872
-7.7691
-9.5581
-10.1303
-8.2512
-11.9488
-10.3436
-6.2983
-8.9979
-8.9519
-7.6541
-7.6904
-13.3833
-13.5536
-8.9354
-11.6721
-7.8404
-14.4608
-10.5181
-15.0089
-9.5576
-10.7578
-5.7707
-11.2997
-14.1831
-11.9617
-11.0367
-10.7910
-8.6513
-6.8560
-6.6285
-5.6114
-13.1641
-5.6124
-8.3244
-17.6504
-8.5547
-10.3008
-0.9250
-13.3485
-13.1305
-17.9643
-13.5184
-15.2409
-15.5765
-13.0002
-14.6689
-12.9591
-10.3349
-13.1894
-13.3763
-14.8206
-18.6720
-12.7050
-12.4357
-6.4748
-6.6088
-8.7254
-14.3673
-13.4929
-18.6717
-8.5848
-8.8961
-10.9098
-14.1424
-12.8347
-14.4210
-14.3034
-9.8861
-13.5256
-12.8320
-14.1518
-8.6837
-14.1044
-16.9216
-15.8550
-15.2375
-17.8130
-17.5542
-17.7361
-12.0394
-14.5531
-6.7811
-10.8965
-16.0057
-14.4955
-10.2397
-14.0447
-9.7834
-16.7609
-19.0466
-14.4921
-12.1138
-12.8590
-13.3111
-15.9337
-13.3857
-13.0099
-8.1022
-9.9866
-12.9320
-15.4107
-16.7837
-11.1414
-14.9570
-13.0375
-13.3456
-10.5110
-12.6429
-4.2189
-6.4860
-15.8297
-14.0289
-12.6111
-13.6504
-21.6247
-22.0527
-16.6364
-12.2811
-10.4478
-9.9285
-6.7294
-9.8090
-8.4444
-8.2420
-12.3794
-14.3013
-15.7092
-17.8710
-11.4081
-10.0862
-10.7538
-13.4467
-12.0715
-16.7185
-16.9522
-14.0168
-12.5528
-15.3586
-16.2433
-20.3390
-20.2379
-12.5727
-17.6619
-16.6330
-14.7918
-18.2583
-16.6401
-16.7326
-13.4241
-18.0397
-11.4497
-19.2297
-18.0772
-11.2900
-12.5225
-12.0481
-14.2532
-13.6148
-13.5494
-18.3782
-18.8502
-16.1806
-15.3179
-15.2879
-14.8824
-17.0236
-15.0589
-9.8787
-10.8981
-14.6799
-16.2857
-12.1435
-18.6913
-16.2172
-4.5163
-12.1071
-12.5842
-16.4579
-14.0296
-14.7527
-12.2636
-14.3638
-13.6578
-12.3970
-11.6309
-14.9632
-12.0084
-14.6150
-12.6843
-14.4643
-13.6824
-13.7231
-15.5240
-3.9574
-13.1495
-13.2506
-2.9707
-4.6144
-14.8173
-13.0692
-17.4241
-5.3110
-17.7445
-7.9182
-12.5580
-15.5880
-15.8014
-9.1458
-12.3010
-10.7859
-6.6037
-15.5540
-16.0679
-14.1413
-12.8795
-13.0776
-13.5177
-14.1251
-13.5123
-11.2290
-13.8403
-7.2842
-12.4765
-10.1970
-16.3093
-13.8894
-13.6562
-13.7245
-13.5372
-17.1742
-11.5671
-15.0493
-13.0057
-13.8693
-14.5844
-19.7104
-10.5827
-14.6072
-18.2089
-19.2916
-19.5161
-17.8020
-15.6924
-16.6605
-17.6678
-19.4826
-14.1192
-14.3454
-17.9343
-11.9288
-12.3048
-11.6437
-16.2331
-15.7799
-15.5618
-11.0216
-17.0874
-12.0043
-12.8011
-18.5722
-15.0836
-11.0776
-15.4061
-14.8722
-15.2210
-16.0575
-19.8575
-20.0893
-20.0547
-18.1861
-18.1482
-14.0407
-4.1948
-14.0067
-14.9013
-15.1661
-14.3254
-18.9045
-16.6040
-10.5172
-16.1541
-5.7533
-14.5980
-9.4922
-17.6934
-15.1490
-17.3340
-15.2364
-17.3313
-16.5837
-16.1165
-16.7062
-12.4393
-13.3157
-16.2246
-17.8072
-14.6122
-7.8916
-14.8847
-13.2265
-14.8941
-15.1008
-14.3421
-14.2124
-15.5372
-15.1660
-17.2010
-16.6052
-14.4458
-12.8838
-16.0214
-15.2199
-15.8315
-15.2431
-13.9658
-13.7354
-15.0700
-10.2834
-19.9995
-16.6240
-11.4897
-14.7863
-14.6300
-16.7758
-15.6958
-9.8806
-15.7004
-17.0955
-11.8929
-17.4963
-10.7702
-11.5450
-11.9203
-13.4314
-12.0168
-8.7195
-10.1235
-15.1781
-8.8430
-16.3085
-16.5812
-16.2418
-17.8166
-18.0783
-18.2397
-15.6201
-18.2879
-13.8206
-7.9010
-10.7131
-15.6951
-16.1825
-10.5558
-14.9804
-14.1911
-15.7666
-17.7477
-14.1047
-14.1199
-16.4128
-17.1605
-15.1653
-13.7707
-16.0758
-14.4203
-16.5876
-13.7560
-15.3236
-14.5471
-7.4554
-16.7445
-8.1369
-14.5581
-12.0056
-13.9632
-9.9599
-11.1389
-13.0752
-13.3591
-14.7479
-13.1847
-14.3019
-12.1659
-11.3512
-16.9793
-16.6199
-15.9296
-16.1760
-16.8665
-17.3509
-19.3388
-6.4979
-17.8025
-17.3583
-16.3355
-16.1205
-20.1556
-18.9968
-15.1786
-16.0866
-15.7681
-11.7261
-17.7690
-11.7358
-17.1938
-16.6491
-12.6861
-12.5590
-13.1982
-11.1297
-11.0038
-17.3335
-17.2396
-16.9449
-16.9287
-17.4035
-16.2645
-12.7224
-14.6292
-14.3201
-18.6281
-15.3061
-13.5037
-15.8245
-15.0561
-18.5292
-13.7973
-18.8852
-13.8090
-13.5414
-14.8359
-19.3326
-15.1471
-16.7879
-13.1457
-14.4812
-13.2171
-10.1723
-17.9862
-18.4303
-16.0692
-14.1490
-17.4360
-18.4995
-16.6691
-12.6931
-16.4462
-17.3645
-13.1083
-16.1058
-17.4801
-16.0246
-10.7735
-15.1331
-15.8820
-15.1417
-14.0551
-14.8811
-14.6681
-10.9065
-17.8820
-14.3561
-13.9270
-14.3983
-14.1004
-16.2925
-16.6077
-13.8234
-14.1892
-16.7464
-12.3848
-20.0817
-16.7462
-11.8981
-13.8781
-14.9346
-13.4061
-16.7148
-12.8906
-14.7799
-11.1059
-11.6356
-12.0587
-16.0983
-12.3566
-12.7490
-12.4382
-12.1257
-14.2152
-12.7639
-16.2677
-9.9452
-14.9858
-18.4404
-19.0628
-15.4278
-8.1765
-5.0785
-6.9583
-17.2844
-6.3787
-17.4612
-14.7732
-0.2127
-15.4963
-15.9251
-18.0122
-13.6303
-19.8684
-16.2351
-16.7309
-15.5062
-12.9763
-17.3658
-13.8154
-14.5544
-17.5124
-11.5161
-10.9709
-11.5332
-12.0696
-12.7854
-2.1239
-2.7440
-2.3914
-11.5498
-7.2843
-10.3064
-15.3294
-8.6246
-13.1321
-12.9780
-10.0161
-11.5815
-11.1603
-10.5889
-8.6983
-11.0227
-9.9215
-13.0781
-12.2338
-12.2229
-11.2789
-11.7671
-9.8862
-9.8633
-8.7900
-11.7433
-10.1974
-13.4121
-15.0416
-10.7766
-6.3074
-10.6533
-9.9647
-9.6009
-14.0821
-14.1667
-1.3014
-13.0006
-8.4142
-10.5293
-11.4868
-15.2404
-16.6605
-14.3518
-16.2402
-15.8631
-16.2604
-15.4322
-15.1554
-14.3380
-15.9394
-12.5046
-15.0333
-15.2016
-14.8570
-15.7513
-16.0972
-14.3815
-14.4948
-14.3992
-15.7160
-15.0422
-13.5857
-13.5786
-10.4446
-12.8300
-15.1855
-7.1986
-11.9249
-3.0896
-16.5507
-15.1903
-15.4344
-14.4790
-11.3896
-16.2335
-13.9575
-11.3290
-12.0105
-13.8883
-12.8164
-14.0690
-4.5406
-12.1665
-12.7687
-7.5169
-10.6004
-9.1693
-12.3481
-10.6476
-10.2911
-6.8467
-8.6899
-10.5359
-8.8101
-12.6757
-10.6034
-11.8890
-8.7637
-8.8490
-8.2436
-14.8848
-12.7341
-12.7650
-11.6741
-10.1662
-9.1395
-9.8642
-11.2261
-10.4935
-15.7448
-11.1808
-9.1246
-8.5080
-11.9899
-12.1084
-9.9477
-14.6291
-12.7341
-8.8024
-8.1214
-7.3091
-7.9744
-11.2226
-8.6467
-4.3043
-13.3410
-10.7218
-9.7017
-9.0734
-11.5152
-13.5924
-7.0027
-13.5661
-12.0155
-7.3602
-17.5588
-14.6753
-17.5315
-18.3253
-20.5965
-18.9444
-9.7461
-15.1764
-17.2926
-6.7186
-10.9299
-14.5821
-12.7824
-15.3697
-14.6595
-6.3313
-4.8294
-17.3205
-12.4605
-16.6486
-13.0461
-15.0513
-19.8624
-15.1535
-11.1092
-13.6537
-11.2426
-14.7074
-21.2474
-16.9323
-16.2085
-16.6855
-19.1104
-6.3135
-11.8835
-10.3442
-16.5625
-12.7914
-14.7136
-12.1577
-8.5405
-8.7057
-11.2902
-11.3890
-10.7835
-11.1611
-14.8458
-19.4023
-10.0543
-11.2332
-16.2641
-10.8541
-13.7984
-14.6862
-10.8752
-16.0885
-14.9515
-12.4834
-15.3329
-13.1353
-11.1139
-12.5559
-12.7540
-12.7081
-12.3047
-11.6660
-12.7782
-13.2272
-15.8268
-13.7912
-12.5490
-18.7231
-12.2816
-9.9102
-11.1979
-14.9855
-10.1504
-6.8559
-12.4216
-11.9482
-6.4578
-0.6526
-11.8662
-4.3116
-7.1887
-9.2913
-8.3182
-4.8235
-10.2301
-10.3379
-9.6235
-9.2425
-10.0196
-11.2396
-8.5944
-8.9114
-10.2183
-9.7890
-12.0407
-7.9382
-9.3247
-8.4829
-8.1850
-10.4829
-10.3369
-10.2001
-5.0151
-12.0419
-12.5769
-7.9518
-8.5254
-13.6097
-9.0171
-9.3866
-13.4712
-8.9726
-12.2341
-10.9213
-10.2349
-3.9092
-10.6145
-8.1974
-9.9761
-10.1374
-6.3251
-14.2339
-8.7563
-15.0849
-11.2655
-10.9518
-10.6004
-8.4015
-10.7069
-13.5513
-11.7053
-7.8554
-9.9639
-9.0456
-11.3401
-12.2129
-13.3983
-15.0823
-13.0761
-15.3122
-12.2871
-11.8812
-7.7584
-10.8836
-15.0472
-14.7034
-11.1806
-13.8814
-12.8399
-14.8382
-12.0207
-15.5467
-9.5667
-9.8154
-9.9856
-10.2648
-10.3889
-10.6258
-10.7498
-12.7940
-10.7821
-10.6446
-14.0864
-11.8944
-15.6458
-9.3551
-7.7947
-5.7098
-5.6896
-4.1444
-9.8798
-11.2756
-9.3740
-7.1123
-9.1710
-11.2012
-9.4847
-8.8228
-5.5094
-6.6043
-12.6296
-8.8851
-11.5896
-1.7945
-10.5195
-8.0158
-5.9758
-7.0972
-14.6284
-14.4307
-13.1179
-5.3082
-7.3004
-14.3234
-6.1215
-12.9841
-9.2717
-15.3165
-9.2379
-7.2019
-7.0828
-8.9514
-7.1741
-5.6390
-12.3409
-12.0757
-5.1009
-16.1553
-12.9188
-6.8119
-12.2017
-8.8028
-9.3345
-7.9097
-8.2678
-9.7888
-15.4804
-11.0859
-12.8522
-13.2164
-12.6450
-12.5724
-14.1316
-13.8309
-12.5898
-14.8992
-11.6431
-7.0343
-10.3673
-13.3807
-15.8034
-14.4797
-13.6505
-15.6182
-8.0749
-15.4738
-9.9482
-10.0681
-12.6154
-10.2353
-16.5801
-17.7815
-11.3672
-13.1779
-16.4296
-16.7114
-13.4316
-16.7746
-10.9064
-11.8130
-12.5613
-12.9288
-15.2350
-13.8400
-14.4118
-15.3808
-11.2776
-13.7189
-13.7505
-10.5056
-9.5770
-11.5548
-14.0748
-10.4667
-17.0764
-12.0063
-16.2012
-14.0975
-15.5720
-13.0093
-12.0168
-12.5633
-11.2694
-14.7545
-16.0737
-13.6784
-14.5145
-15.4794
-9.4965
-10.3448
-15.0423
-14.3070
-17.5555
-12.9699
-19.1501
-19.1122
-13.3848
-10.4788
-14.2075
-15.9027
-16.3712
-15.1539
-15.1909
-16.0702
-16.1961
-13.4433
-14.3141
-14.3997
-17.5748
-13.5130
-11.9673
-12.2053
-16.1551
-16.9693
-16.7056
-15.2600
-12.8768
-14.2246
-19.3074
-9.8507
-15.5921
-16.8450
-16.5452
-14.1917
-18.1400
-13.8271
-10.9106
-11.6070
-11.7354
-16.1454
-14.2033
-15.3084
-14.9884
-19.2574
-19.9184
-13.4909
-18.0879
-18.1549
-14.8460
-16.6140
-16.0887
-16.0023
-15.6315
-15.8440
-15.8047
-14.4683
-14.6635
-16.5514
-17.0343
-16.1292
-18.2815
-14.0843
-11.3268
-14.6203
-16.4223
-16.3082
-16.6885
-17.8990
-18.0293
-16.9508
-16.2065
-15.8491
-16.3917
-14.0119
-19.6706
-14.4214
-12.7456
-12.5550
-14.0396
-13.5652
-13.8132
-14.3742
-12.4609
-16.8117
-18.6675
-18.1557
-13.9109
-12.5603
-14.0367
-12.9975
-10.9383
-8.1761
-13.9521
-13.5934
-17.7136
-15.8683
-12.4684
-18.3976
-16.7123
-14.3703
-16.4288
-15.6555
-11.0457
-15.8767
-19.3350
-4.8905
-14.3567
-16.0243
-14.0116
-14.4939
-18.4741
-14.7514
-14.4349
-12.1070
-12.4624
-15.1403
-17.2703
-12.6253
-19.0707
-16.9850
-18.5980
-15.6616
-11.6277
-17.0958
-16.4799
-18.8463
-14.3654
-13.9962
-16.8043
-12.2936
-12.5883
-10.4919
-13.6978
-11.6417
-11.8789
-13.9707
-12.9055
-17.1985
-18.4806
-10.7948
-12.7546
-12.9769
-15.2261
-12.0047
-12.7708
-10.1594
-13.9832
-13.7228
-17.9413
-15.8071
-16.5317
-15.2716
-11.5706
-15.3088
-17.7272
-10.0602
-18.6183
-13.4083
-12.7169
-9.3860
-15.5150
-16.5979
-13.7030
-16.3313
-11.6681
-16.4164
-14.0144
-13.2755
-18.1252
-16.4208
-17.2576
-18.3222
-18.7466
-16.7321
-19.1255
-14.1399
-12.5352
-18.8497
-14.7425
-17.9864
-11.5474
-17.6269
-11.6543
-17.6217
-12.4356
-14.5429
-17.1176
-11.3846
-17.7806
-17.0005
-15.7008
-16.1151
-6.7474
-14.4850
-3.6207
-16.3657
-19.7283
-12.2065
-12.0586
-16.9478
-12.9608
-16.5784
-18.1970
-19.4552
-17.7007
-16.9016
-9.9025
-17.6831
-14.6868
-17.8047
-17.2844
-16.6924
-12.0495
-11.5802
-17.0926
-9.4906
-9.9179
-12.9884
-12.8811
-14.2286
-11.2032
-10.0093
-11.9447
-12.1287
-10.4370
-10.4488
-5.1676
-9.8112
-14.6954
-10.5497
-16.1939
-11.9089
-11.6911
-14.3251
-8.5863
-18.9941
-10.2679
-12.8107
-12.3989
-11.6473
-14.3188
-11.6832
-12.5185
-9.1356
-12.5015
-16.4409
-15.2949
-15.1658
-11.0392
-14.6996
-15.9621
-17.5029
-11.4533
-17.0169
-13.0569
-16.8717
-10.0766
-13.6251
-16.6246
-16.3333
-16.4960
-13.4889
-16.0281
-13.9504
-13.5434
-14.6059
-14.9679
-13.7026
-16.3172
-12.7925
-11.4110
-14.5884
-13.8173
-15.3347
-16.1872
-13.4246
-10.5308
-14.4162
-12.5338
-9.8758
-15.3803
-15.8212
-13.6823
-17.8795
-11.7111
-13.3585
-10.1432
-10.0145
-8.8451
-16.8781
-17.7440
-15.5196
-14.6306
-18.8791
-16.8819
-17.9187
-16.0470
-15.3817
-12.6869
-13.0181
-11.8778
-13.6079
-12.6329
-14.6131
-19.0325
-15.0688
-13.4876
-13.1903
-14.1746
-11.1464
-8.1614
-12.2978
-15.8964
-12.2517
-17.1688
-12.1280
-10.8411
-10.9361
-13.4615
-13.0982
-14.6797
-12.6342
-11.5188
-15.4770
-15.5616
-10.5350
-15.9382
-12.9460
-13.4811
-14.6708
-14.6847
-14.5138
-10.0803
-8.1794
-10.6081
-16.8867
-15.4523
-14.5890
-14.5680
-16.2206
-20.1022
-16.4227
-16.2277
-16.1155
-10.7020
-13.2674
-10.5824
-11.5439
-13.7760
-11.8491
-12.3292
-18.0668
-16.8895
-15.2227
-11.3187
-15.1716
-14.1358
-15.5223
-17.9423
-14.7770
-14.6568
-14.8333
-18.1284
-8.6072
-11.2509
-13.5794
-10.3450
-13.8206
-9.2036
-8.3371
-10.6053
-10.6225
-12.1133
-10.3379
-7.9878
-6.5050
-9.6130
-9.4733
-11.0013
-11.4610
-11.9070
-12.5879
-9.4218
-10.3625
-12.8672
-9.8024
-12.0062
-12.3400
-10.0383
-15.6621
-10.6541
-11.5286
-13.9470
-11.9529
-7.0781
-11.6884
-10.9948
-10.0300
-9.0077
-10.6130
-11.8499
-9.3433
-11.5470
-10.7704
-13.1290
-14.9419
-15.7283
-12.3975
-10.0186
-14.8567
-7.1721
-12.6279
-9.4668
-9.3248
-16.7312
-14.6708
-12.3634
-13.2605
-13.8951
-9.3930
-13.6431
-10.4745
-15.1076
-11.2600
-13.6025
-16.0421
-12.2150
-12.9512
-15.4252
-16.7361
-17.7461
-7.1521
-9.7120
-16.1243
-17.4327
-17.7353
-15.2317
-18.0227
-14.9242
-12.5965
-12.9226
-17.0792
-10.9146
-10.9177
-17.9265
-20.1366
-19.4137
-17.9082
-17.0920
-16.5231
-20.0327
-16.7450
-17.2670
-19.7535
-16.5810
-16.6110
-18.2991
-15.9418
-17.6423
-11.3009
-11.1747
-13.0350
-12.3637
-14.8459
-14.2090
-13.3022
-19.1765
-19.2749
-6.4662
-11.8504
-15.9494
-19.6879
-19.6304
-18.8376
-18.4993
-18.4105
-17.8667
-20.5044
-20.5782
-15.6262
-19.6290
-17.1854
-19.4809
-17.8455
-18.1677
-3.9258
-7.6485
-15.4290
-13.7105
-13.7315
-14.4054
-13.1899
1.1992
-11.6727
-16.1948
-15.7625
-13.9283
-14.2895
-13.5810
-14.5896
-16.4356
-13.9942
-13.2400
-14.0066
-14.4636
-12.5243
-14.7806
-16.1823
-9.0998
-18.2807
-11.2584
-16.6025
-10.8416
-9.2605
-13.7681
-15.7525
-15.6023
-15.7289
-9.0184
-7.3261
-15.8570
-12.4186
-14.0421
-14.9206
-13.2239
-16.1157
-14.7991
-7.2893
-20.0882
-13.8266
-14.1115
-12.3041
-18.1848
-14.3314
-10.4968
-16.8324
-13.0390
-10.9529
-12.2236
-14.8874
-11.4884
-16.0528
-16.4073
-15.6313
-15.8749
-16.5905
-17.5918
-14.0207
-16.0308
-14.0491
-14.5994
-14.7517
-16.5342
-16.4484
-16.9593
-16.8905
-16.8676
-16.1840
-14.2403
-6.8443
-13.3692
-15.2019
-12.9851
-14.8399
-10.8123
-15.5605
-14.7887
-16.3548
-15.4306
-8.0227
-15.7849
-14.5445
-13.9014
-15.3740
-8.8490
-7.0985
-18.8435
-16.4105
-10.5895
-15.1623
-15.5904
-12.7532
-16.4152
-18.9798
-11.5290
-16.3469
-8.7448
-15.4434
-5.0353
-14.9932
-16.3700
-17.0416
-8.4413
-13.2004
-12.8311
-12.5659
-14.0223
-9.3123
-14.5447
-13.4533
-15.3644
-12.8421
-15.4135
-15.4030
-13.1024
-16.8386
-13.3621
-12.6742
-16.1128
-10.0958
-10.8255
-10.1197
-12.1741
-14.4977
-16.1165
-11.7436
-10.4816
-14.5732
-15.2649
-16.2792
-19.1675
-13.6792
-11.4651
-12.9831
-13.3480
-17.2289
-18.8943
-11.2805
-12.8081
-12.0475
-11.7507
-15.7427
-11.5769
-11.9752
-14.0592
-9.5813
-14.8563
-8.5545
-16.7229
-14.1679
-15.1626
-13.8073
-12.8381
-3.6536
0.4753
-13.1226
-8.5045
-12.7985
-12.0527
-14.5506
-17.1882
-11.3978
-13.9620
-14.7233
-13.2970
-13.5316
-12.9447
-14.2497
-11.3857
-18.0564
-12.3322
-16.4936
-10.6725
-14.3239
-16.4508
-12.1644
-10.7208
-6.5589
-15.6161
-14.6781
-14.2663
-16.7935
-15.5107
-13.2667
-10.7214
-15.9303
-11.9482
-14.7023
-14.1383
-15.8980
-10.8170
-15.9947
-13.1266
-14.0752
-10.8213
-12.9550
-15.4227
-14.7766
-12.5206
-14.5187
-13.4910
-14.6382
-15.3231
-14.5515
-15.3419
-11.4090
-15.3599
-12.7482
-12.7530
-15.5892
-16.5939
-14.6341
-15.0105
-13.3822
-14.5654
-16.3184
-13.4014
-13.1110
-15.8070
-14.4760
-18.1270
-14.5024
-15.4615
-9.9588
-10.6166
-11.8346
-14.3804
-17.6522
-15.3341
-18.1539
-16.4539
-15.8196
-17.2968
-17.1429
-17.0968
-14.4185
-17.8529
-16.0496
-13.2727
-17.1054
-11.4823
-17.6662
-14.7656
-14.3869
-12.1900
-14.1069
-13.1339
-12.4127
-13.4675
-16.0874
-16.4703
-8.6151
-15.3070
-15.3250
-13.0884
-14.3514
-15.1947
-12.9465
-15.3162
-16.5782
-14.5429
-14.1520
-14.7852
-16.5385
-12.9485
-11.1084
-13.1847
-11.9415
-13.0625
-19.8382
-16.2353
-14.7146
-15.1302
-15.2892
-14.8235
-10.7545
-14.2507
-12.9233
-14.7417
-16.6926
-17.9020
-10.4488
-15.5034
-19.6524
-17.3425
-17.2680
-18.9588
-18.6434
-10.7156
-17.9044
-14.3485
-17.9062
-17.2859
-10.6478
-10.4074
-14.9060
-12.6904
-13.0509
-11.7252
-15.4110
-12.2772
-11.7226
-10.1563
-14.5047
-11.3315
-11.8515
-12.1424
-11.5750
-12.9860
-12.5484
-14.1259
-11.9913
-12.1531
-17.5028
-9.8512
-9.4140
-14.4076
-12.6618
-14.6099
-13.5800
-11.6733
-13.2371
-10.6045
-10.5865
-9.4546
-11.4471
-10.5940
-14.2140
-10.0909
-12.5123
-11.8019
-12.0414
-13.8736
-10.4771
-11.4126
-15.9659
-14.5022
-7.3594
-11.5292
-14.4209
-9.2679
-10.8950
-11.9928
-12.8107
-11.9762
-16.2889
-14.1173
-14.0960
-10.3127
-14.5984
-11.4827
-14.6646
-6.9455
-14.7116
-7.0321
-12.4320
-13.5805
-10.9516
-14.0133
-12.0729
-11.8216
-12.9977
-12.6236
-10.0479
-10.2768
-11.1396
-13.1337
-11.1421
-18.1677
-14.9703
-9.2040
-15.3873
-13.8836
-10.7313
-9.9037
-11.3669
-10.2724
-12.4721
-12.4305
-11.9633
-11.0993
-8.9056
-12.9148
-15.3688
-10.9561
-13.0256
-14.7644
-14.5195
-11.7554
-12.5998
-16.9809
-14.6937
-8.5370
-8.6193
-12.8019
-4.4445
-7.7068
-11.8140
-12.0573
-9.3818
-6.5825
-8.7102
-6.6111
-4.2320
-7.7768
-4.4266
-8.2435
-9.9241
-9.6726
-11.1602
-5.5806
-11.4965
-4.3066
-9.1125
-10.5482
-9.7396
-8.8603
-11.8105
-8.0542
-10.3576
-7.4141
-6.3903
-8.5428
-12.3661
-12.8760
-8.6934
-8.5192
-11.4350
-11.3560
-11.8481
-9.7614
-11.6991
-5.4725
-6.3506
-7.4506
-6.1890
-16.5835
-4.5545
-12.5605
-6.3350
-10.6936
-10.9082
-18.3989
-18.4200
-18.8012
-13.8420
-16.5260
-8.6021
-13.4997
-12.8034
-7.2472
-12.9137
-17.5685
-15.6150
-15.1115
-14.4933
-18.6477
-19.4277
-11.8631
-11.3873
-19.0917
-15.0695
-18.9613
-11.5369
-14.5664
-9.7415
-8.8572
-13.7689
-17.4992
-14.5275
-16.1569
-16.3054
-12.0427
-14.5536
-14.3955
-15.1852
-17.0199
-12.0984
-14.6041
-14.8860
-17.7770
-16.2469
-15.1962
-16.2228
-16.0336
-15.8180
-8.7153
-14.2684
-9.3551
-15.1798
-14.4205
-7.2755
-12.3502
-14.6701
-14.6029
-8.8939
-10.1245
-8.9148
-9.8555
-10.3207
-7.1809
-13.3910
-8.9004
-16.0733
-10.5614
-9.6830
-8.3677
-9.8146
-10.1054
-8.6921
-13.0779
-13.5994
-15.0048
-8.0850
-10.6696
-9.5203
-9.9801
-16.6506
-14.8284
-16.1747
-16.4933
-11.8533
-14.1965
-9.4317
-16.3892
-18.3336
-15.6705
-16.4970
-11.1865
-14.4867
-13.1962
-8.3953
-10.2772
-9.1793
-10.1555
-10.6033
-11.0564
-13.1512
-12.9449
-12.1117
-13.6520
-13.1685
-13.7813
-13.6817
-14.2374
-13.0179
-11.0501
-13.8636
-16.4692
-15.5663
-13.6240
-8.6491
-12.6188
-18.2037
-13.5785
-11.5346
-9.2471
-14.9907
-15.7311
-16.2750
-16.5578
-12.1350
-12.2264
-10.9038
-18.2404
-4.9025
-16.0247
-14.1641
-12.6777
-16.4040
-19.7074
-12.9870
-11.3088
-10.3033
-12.5184
-14.8571
-15.8618
-10.2933
-12.0562
-14.4840
-17.0264
-12.8468
-15.8145
-8.2860
-8.4698
-17.5976
-11.4630
-16.9465
-17.9779
-12.0819
-9.2928
-8.8112
-12.8061
-4.2682
-10.8523
-14.6154
-16.7758
-10.4097
-12.6922
-11.6220
-11.7206
-11.7110
-10.7392
-10.0864
-15.7341
-15.6866
-12.4835
-13.6053
-9.7381
-13.6905
-12.7742
-11.6253
-10.2476
-11.3090
-6.6576
-10.5957
-10.8531
-11.9061
-9.7616
-12.5328
-10.8617
-13.4114
-13.1838
-14.1865
-14.1523
-11.7043
-11.5321
-11.9173
-11.8153
-13.2076
-13.4119
-13.3317
-13.2668
-13.8920
-11.0597
-8.0205
-6.5620
-10.7478
-10.6944
-10.9418
-4.5752
-11.6556
-11.3368
-3.4553
-11.3351
-12.2325
-12.9011
-17.6753
-9.7672
-12.3153
-10.3457
-12.3248
-10.3804
-11.9138
-11.6708
-13.2157
-11.9639
-12.4231
-14.1909
-14.4983
-11.9918
-14.2521
-12.9251
-10.4399
-9.6220
-17.0864
-14.9705
-15.4420
-10.3561
-11.1314
-13.6783
-5.5708
-11.6629
-11.3961
-12.5417
-10.7153
-14.5688
-13.5383
-12.5793
-13.0986
-11.9075
-6.6269
-12.9896
-14.4767
-9.0786
-11.6565
-11.8447
-4.9073
-8.4632
-10.6662
-10.7998
-8.2662
-4.3853
-4.5199
-10.4973
-7.7089
-11.4190
-7.8131
-10.1967
-12.3559
-12.2071
-7.4447
-9.3259
-8.9543
-11.2154
-12.3770
-13.4361
-13.3884
-12.7317
-7.7508
-7.5869
-11.8463
-16.6694
-14.3817
-9.9880
-9.4507
-6.2001
-9.9147
-14.6767
-12.7847
-10.0705
-14.0458
-13.2572
-8.6600
-8.6889
-8.7713
-8.8121
-10.8797
-8.0032
-8.7443
-9.1588
-8.0235
-9.4677
-13.2529
-11.2270
-11.5230
-6.6672
-9.9242
-12.7080
-13.6724
-9.4382
-5.7304
-12.1719
-14.6996
-14.1009
-12.9160
-20.1199
-17.0985
-13.3784
-12.4340
-11.2699
-13.1298
-14.0418
-12.7165
-20.2172
-16.5307
-11.6348
-16.2001
-12.9079
-14.5776
-15.0963
-14.3155
-15.0726
-14.4380
-14.9165
-14.6280
-15.8811
-5.1484
-16.8229
-13.1554
-15.0968
-15.7206
-13.8661
-14.3834
-13.3183
-15.5317
-14.9005
-11.3919
-14.0331
-12.8309
-16.7904
-12.8820
-15.1503
-16.6421
-15.3832
-6.8592
-17.5773
-9.4074
-9.5833
-10.6819
-15.3640
-12.2106
-18.8887
-17.8909
-16.9464
-18.0672
-17.1406
-19.6998
-18.3760
-17.5134
-16.4302
-18.8630
-11.6877
-17.1528
-18.4831
-13.2134
-16.9338
-16.1369
-15.4530
-16.1517
-17.3071
-18.2602
-15.2016
-12.7786
-14.4320
-12.6419
-6.7738
-11.0384
-10.9558
-8.8028
-13.6050
-11.8077
-20.0222
-11.8656
-12.6171
-12.6645
-12.8809
-15.7763
-12.4020
-11.4635
-14.3570
-14.8737
-12.0629
-13.7457
-12.5436
-13.8897
-15.6819
-15.4964
-2.4366
-9.0021
-13.4999
-8.9224
-16.3859
-15.0402
-10.1183
-13.5231
-14.3932
-10.2904
-16.5734
-16.7424
-15.8760
-15.0271
-16.2325
-15.4064
-14.6835
-10.6105
-11.1766
-18.9313
-15.5729
-12.3109
-15.8737
-13.0373
-12.9292
-13.7726
-15.1364
-12.6972
-13.3941
-12.2690
-10.9928
-7.9872
-14.7896
-15.0748
-15.0376
-17.6263
-16.2225
-14.5307
-15.9298
-15.4665
-14.5028
-17.2035
-8.1543
-14.2327
-7.2224
-14.1409
-10.9757
-11.7130
-14.4359
-14.3928
-14.3299
-13.7724
-15.8164
-16.1200
-13.4672
-14.9438
-16.5917
-16.4071
-16.4854
-16.6419
-15.1157
-16.7183
-16.9357
-17.1819
-18.1373
-15.0795
-15.4107
-12.8710
-0.7592
-11.7714
-15.4993
-4.9606
-14.1499
-11.9098
-5.3624
-14.4114
-16.1494
-14.6930
-10.9026
-11.0044
-18.9046
-5.3049
-10.2525
-8.2633
-15.3043
-15.5926
-12.8539
-17.2811
0.4892
-13.4536
-15.2748
-3.9700
-16.5866
-15.2381
-15.6614
-13.3208
-14.1069
-15.2440
-15.4283
-15.5750
-16.9375
-13.4800
-19.0642
-17.5464
-13.9965
-18.2057
-16.4222
-12.9755
-14.8660
-16.3013
-16.7257
-16.0292
-16.3140
-16.5763
-16.3190
-7.6423
-3.7262
-11.4822
-11.7856
-14.5458
-13.9544
-15.5008
-10.5145
-8.8387
-11.5545
-11.1278
-12.6309
-12.5164
-14.1823
-18.4249
-15.7962
-17.7363
-13.5251
-18.8851
-12.6219
-16.8163
-11.6228
-7.8410
-19.7389
-12.8499
-10.3289
-15.6731
-10.8034
-13.2476
-14.9271
-12.5377
-12.1668
-10.1868
-10.1104
-10.5723
-10.5328
-13.1930
-11.0201
-14.4393
-12.4792
-12.0410
-16.4935
-13.0367
-12.5220
-12.5606
-14.0818
-13.6664
-14.0323
-13.0965
-13.8386
-14.7889
-12.0414
-12.0452
-10.4661
-10.6329
-13.9519
-13.1131
-17.2045
-20.7617
-17.0582
-10.7320
-8.4746
-14.9786
-13.9832
-11.7969
-10.9983
-12.4140
-12.3931
-13.5382
-12.0736
-15.2334
-12.7173
-12.6231
-15.7571
-15.3168
-17.6430
-15.6394
-18.2485
-14.2542
-12.1478
-12.7949
-14.7555
-7.3939
-11.8672
-8.8966
-11.1358
-7.6541
-8.9829
-10.4027
-8.9528
-11.1850
-7.5123
-5.9302
-9.9454
-10.7371
-9.5521
-10.7975
-9.9867
-15.3496
-14.0829
-10.2545
-7.9971
-10.5740
-14.9014
-8.3432
-2.8880
-7.5587
-14.0371
-11.3234
-13.8339
-6.2403
-7.3250
-9.8576
-10.1115
-10.6722
-10.3619
-10.1046
-7.2439
-10.6265
-12.2984
-8.9769
-12.8518
-10.4895
-10.7176
-13.4087
-13.8531
-7.7125
-8.2928
-13.0684
-17.3775
-17.5787
-16.8705
-18.7139
-18.4781
-16.9203
-17.1829
-16.3212
-15.0100
-19.0929
-16.6704
-18.3751
-19.0946
-16.6858
-13.0069
-17.1225
-10.8272
-16.9367
-16.0333
-15.7120
-16.6371
-14.8292
-14.6581
-20.1308
-12.5389
-19.3943
-12.8651
-13.9569
-12.1739
-11.5974
-11.3738
-15.0842
-20.9355
-17.0491
-12.8949
-12.3404
-18.5532
-14.9365
-10.2281
-13.2649
-17.1796
-12.7630
-17.1448
-17.0463
-12.9194
-16.7109
-14.9383
-17.7281
-15.6404
-12.5148
-16.7379
-16.7920
-14.3442
-16.4697
-20.6535
-15.6263
-17.1022
-6.8861
-16.5427
-17.2519
-15.3746
-9.1342
-7.0666
