-4.37934
-5.16503
-5.40843
-5.34097
-5.52730
-5.62890
-4.07418
-4.04825
-5.63550
-5.68823
-5.69447
-5.57014
-5.31505
-4.67903
-3.92627
-5.50476
-5.08819
-5.20913
-6.01386
-5.21467
-5.81185
-5.28141
-3.75222
-3.55196
-5.49559
-5.88752
-4.94521
-5.33572
-5.43460
-3.81416
-5.38678
-4.91988
-5.42588
-5.42743
-3.60282
-4.95641
-4.21883
-4.52997
-4.21662
-3.99501
-4.60905
-3.57352
-4.36961
-3.41056
-4.30116
-5.75787
-3.69910
-4.71006
-3.22935
-4.61452
-5.78413
-4.41335
-4.27887
-4.54329
-3.47237
-4.26648
-4.67139
-4.59915
-4.61353
-4.35577
-4.96080
-5.29845
-3.26366
-4.57009
-4.22243
-5.28424
-5.15046
-4.02283
-5.00292
-4.19837
-4.92261
-4.54639
-5.99996
-4.37285
-4.83502
-3.64069
-5.43538
-3.75511
-4.34479
-4.30912
-4.71319
-4.84628
-3.66356
-5.74118
-3.25545
-5.19577
-5.47035
-3.70437
-4.78905
-4.87920
-3.54426
-3.29072
-4.79897
-4.17730
-4.64788
-4.92366
-3.78013
-3.79127
-4.38372
-5.21508
-4.21787
-3.64430
-5.55148
-2.87508
-4.51646
-4.40635
-4.57714
-3.96494
-5.06141
-5.04846
-4.96271
-2.70912
-4.00877
-4.11064
-3.12336
-5.05246
-4.79953
-5.76818
-3.75617
-2.95180
-4.41420
-4.72064
-4.01746
-4.67651
-4.18710
-4.56475
-3.44379
-4.00581
-5.03868
-5.30007
-5.33336
-4.58303
-5.00780
-4.56475
-3.90184
-4.71238
-3.60253
-4.52891
-4.48951
-4.03753
-4.75456
-4.64380
-4.62448
-4.80008
-4.97969
-4.44200
-4.80975
-4.11181
-4.28784
-4.21501
-4.03175
-5.05576
-4.92265
-5.39456
-4.43876
-3.21449
-4.77569
-4.20177
-4.22225
-4.30993
-5.20122
-3.97510
-2.86450
-4.46192
-5.67688
-3.51502
-4.26655
-5.30271
-4.25820
-4.90439
-5.27285
-4.98851
-5.39872
-4.61137
-4.31675
-4.95435
-5.45633
-4.99021
-4.08722
-4.62956
-4.39156
-4.55638
-4.88587
-4.35286
-4.32247
-3.74303
-6.00300
-4.25886
-4.73907
-2.86495
-3.78305
-3.91773
-4.12397
-3.85956
-5.24639
-4.26137
-4.98453
-4.31622
-4.14681
-3.84282
-4.72734
-3.92795
-3.43217
-5.53337
-2.90335
-4.70895
-5.55167
-3.85454
-3.49285
-4.79448
-3.69014
-5.22995
-4.83546
-4.94386
-5.27492
-4.43153
-4.02580
-4.55037
-4.95598
-4.78134
-3.37882
-4.88308
-4.50400
-3.81355
-4.57805
-4.18512
-5.29241
-5.20443
-4.33596
-3.63537
-4.41417
-4.79684
-4.18533
-5.08780
-4.75032
-5.17262
-3.28741
-4.53602
-4.41767
-5.28436
-5.09934
-4.75010
-3.79832
-4.51280
-5.69304
-5.05503
-3.56454
-5.24676
-5.13379
-4.66778
-4.63274
-3.54715
-4.59067
-5.20232
-3.61332
-4.65202
-3.27314
-5.57537
-4.89956
-3.86136
-4.25163
-3.93092
-4.44572
-4.65495
-3.71351
-4.38379
-4.55931
-5.40581
-4.40667
-3.77450
-4.64291
-4.67958
-4.20614
-4.61549
-5.70987
-5.01259
-5.07144
-6.05471
-5.10812
-4.17879
-4.87041
-5.07860
-3.70645
-4.52367
-3.76207
-5.07575
-5.46154
-4.67304
-4.20494
-3.74548
-5.72681
-5.05826
-4.47839
-5.23094
-3.97802
-4.95711
-4.41308
-4.26999
-5.30704
-4.11701
-4.43029
-4.46979
-4.91477
-5.07004
-5.09087
-5.34880
-4.98560
-4.75636
-4.80142
-4.79103
-4.00432
-5.02691
-4.25346
-4.03162
-4.67560
-5.43797
-4.02661
-3.73336
-4.90064
-4.91094
-4.34380
-4.73704
-5.16242
-5.52177
-4.39959
-4.31557
-4.23246
-4.68051
-3.94431
-4.34522
-4.05502
-3.98322
-4.40297
-5.36545
-5.65493
-4.73457
-5.41027
-4.92693
-5.42289
-3.64310
-3.56647
-5.28009
-3.82453
-5.55862
-4.67691
-4.38156
-4.66754
-3.64013
-2.61403
-4.54072
-5.51839
-3.60274
-2.86549
-2.81680
-4.26192
-3.65090
-4.61248
-3.37676
-4.79779
-3.15226
-4.31473
-3.31467
-4.39278
-4.74901
-4.95885
-4.76359
-4.10490
-3.99385
-5.00910
-3.40845
-2.84334
-4.41056
-4.96267
-5.51687
-4.80420
-4.47125
-4.55799
-4.64270
-4.74394
-4.10423
-4.77506
-4.43109
-4.57697
-5.48426
-5.09220
-3.84488
-4.80250
-3.94182
-4.41175
-4.60087
-4.77960
-5.21711
-4.90022
-5.26020
-3.94399
-4.76287
-6.05043
-5.19405
-4.47216
-4.53677
-3.97234
-4.59903
-4.66366
-4.79902
-3.33608
-4.56149
-4.76769
-4.38348
-3.63490
-3.67049
-3.93720
-4.89994
-3.80570
-4.57660
-5.09254
-4.35862
-4.31252
-4.74905
-5.37440
-4.24786
-4.97322
-4.33608
-3.96325
-4.86795
-3.91208
-4.82472
-4.55639
-2.92267
-5.42288
-5.30792
-4.74879
-3.40772
-5.46835
-4.81019
-2.98249
-5.14212
-3.72754
-5.04194
-3.30077
-4.23231
-4.92295
-4.68159
-4.69380
-3.58766
-4.05459
-5.36575
-3.78953
-4.30564
-4.73962
-5.03856
-4.95663
-3.44712
-4.83525
-4.61096
-3.92386
-3.98237
-5.14544
-3.26625
-4.50043
-3.44055
-5.06952
-5.09487
-4.83367
-3.93921
-5.08241
-3.43465
-3.47426
-4.58010
-5.57234
-4.10548
-4.08567
-4.12507
-3.84665
-5.01520
-3.66784
-4.06458
-4.86547
-4.91254
-3.93190
-3.81753
-4.42909
-3.96762
-4.25217
-4.67843
-5.67564
-4.89940
-2.92528
-4.38533
-4.30197
-4.58912
-4.87353
-4.06611
-4.50401
-4.70297
-4.41263
-2.73738
-5.35023
-4.08939
-4.20261
-4.83597
-4.75968
-4.53965
-4.84459
-4.44057
-3.46109
-4.52459
-4.78710
-5.38216
-3.06728
-4.19193
-3.62774
-4.47961
-4.58491
-4.57092
-4.08375
-4.89973
-3.48187
-3.16975
-3.03054
-4.51328
-3.97915
-4.91145
-5.30112
-5.21831
-5.11719
-4.63432
-4.50343
-5.64726
-4.94255
-4.99040
-4.66408
-4.55199
-4.64984
-4.99508
-4.81612
-3.43697
-2.88840
-3.70078
-4.74738
-4.75642
-4.43929
-4.41084
-4.64201
-4.37115
-4.77096
-5.29840
-4.58953
-4.92770
-4.85044
-4.46545
-5.21649
-4.59912
-3.26495
-4.66963
-4.50339
-4.49412
-4.77992
-4.59740
-3.16355
-3.84914
-5.32917
-5.28455
-4.69445
-3.30668
-5.49214
-3.57567
-5.30684
-4.08194
-3.28284
-4.57395
-4.45885
-5.54750
-4.16099
-4.14506
-4.68495
-5.19875
-4.85717
-5.07441
-4.89433
-2.78711
-4.74093
-5.03055
-5.10041
-3.92563
-4.55809
-4.56806
-4.70176
-4.04153
-4.73468
-4.95875
-4.15111
-5.14733
-5.28397
-4.45314
-5.68507
-4.61231
-5.78091
-4.71892
-4.71283
-5.47176
-4.62370
-4.92941
-5.42537
-4.61409
-5.12200
-4.56587
-4.59647
-5.52178
-3.90035
-2.88507
-4.34983
-3.92200
-5.86386
-4.28524
-4.32293
-4.47588
-5.48689
-4.39669
-4.78994
-5.10547
-5.27838
-5.39949
-3.92357
-4.38628
-3.34816
-5.25048
-4.73187
-5.27291
-5.02003
-4.47397
-4.68857
-4.82174
-4.39742
-3.98045
-3.03505
-3.96599
-4.19051
-3.51951
-3.73349
-5.11470
-5.46740
-3.44163
-4.26214
-4.46506
-4.73670
-4.03273
-4.90003
-4.76535
-4.64605
-4.98938
-4.92629
-4.32262
-5.47509
-5.25478
-5.11886
-4.38884
-4.34598
-4.63765
-3.76058
-6.21565
-4.73650
-5.29594
-4.64739
-4.73066
-4.86097
-4.20372
-3.78100
-5.03830
-4.83968
-4.24658
-4.43852
-4.63519
-4.45446
-4.73059
-4.98191
-5.24604
-4.64105
-4.99655
-5.30524
-3.49971
-4.43805
-4.89219
-5.68997
-3.79795
-5.21493
-4.68675
-4.80492
-3.95541
-5.52391
-5.20483
-5.10215
-5.35263
-5.43191
-4.51179
-3.51952
-3.77508
-3.52838
-4.96670
-4.71753
-4.62159
-4.79561
-5.17364
-4.99753
-4.33025
-4.71645
-4.76684
-4.72229
-4.37111
-4.28126
-4.01540
-4.12010
-4.24691
-4.00005
-3.64160
-4.08035
-3.92632
-5.00936
-4.70264
-4.75195
-4.52378
-4.75865
-4.82707
-3.77552
-3.06016
-2.93275
-5.27878
-4.08769
-4.40901
-4.39458
-3.24654
-4.43986
-4.76512
-5.42609
-4.21144
-3.63238
-4.41734
-4.65173
-5.05061
-4.26634
-4.59681
-3.84004
-4.68046
-4.18843
-3.42350
-4.63757
-4.43077
-5.04287
-3.71123
-3.89414
-4.23859
-3.65655
-3.90195
-3.62764
-4.58386
-4.47603
-5.27470
-4.79409
-4.83198
-4.53062
-4.75747
-4.40643
-4.86405
-3.60372
-4.10057
-4.31827
-5.33770
-3.94553
-3.89405
-3.99521
-4.49860
-4.50573
-5.08032
-4.28835
-4.02836
-4.17474
-3.34045
-4.47291
-5.06121
-4.77323
-5.10749
-4.75425
-5.38985
-3.87523
-3.54979
-5.35961
-3.53873
-4.32433
-4.43899
-4.70522
-4.70758
-5.14772
-4.71864
-4.62363
-4.29682
-5.15674
-4.55502
-4.07762
-4.73588
-4.30924
-4.36547
-4.12969
-4.46929
-4.08094
-3.82857
-4.36075
-5.06013
-5.03796
-4.69932
-4.63513
-4.48936
-3.68592
-4.20908
-5.11365
-4.18429
-4.19069
-4.52574
-4.83051
-5.48357
-4.23509
-4.25236
-5.23984
-6.43757
-3.37220
-3.60445
-4.63624
-3.68516
-3.62179
-3.99047
-4.68899
-4.26390
-4.80824
-3.88378
-4.19188
-3.74658
-3.95436
-3.87124
-4.80488
-5.10742
-3.89697
-4.90360
-5.65630
-4.41544
-4.76709
-4.29378
-5.42406
-4.81325
-4.80678
-5.15181
-5.26227
-4.09146
-4.72032
-3.80972
-5.05012
-4.71367
-3.93110
-3.58766
-5.04157
-5.47807
-4.55248
-3.83087
-4.15907
-5.18985
-4.78507
-5.03501
-4.38149
-3.94353
-4.48708
-5.18377
-4.61287
-4.73898
-4.87142
-4.76243
-4.59078
-4.66116
-4.62143
-4.73153
-4.26204
-5.28948
-4.94995
-5.06441
-4.99416
-4.51861
-4.23762
-4.32035
-4.48484
-5.05906
-3.58295
-4.43349
-4.65826
-6.19164
-4.51162
-4.18533
-5.36812
-4.06493
-3.65704
-4.19820
-4.71043
-5.17237
-4.65738
-4.65001
-4.61945
-5.14240
-3.82413
-3.79993
-4.62292
-4.76112
-5.45786
-4.13544
-4.02871
-4.97117
-4.01983
-4.08771
-4.02558
-4.87900
-4.88392
-5.14006
-4.16290
-3.86885
-5.26312
-3.32832
-5.37146
-3.86070
-4.90732
-4.60571
-4.63201
-5.91022
-5.90920
-4.74734
-4.65882
-5.85060
-3.30425
-3.73024
-3.83258
-4.42883
-5.17686
-4.00167
-4.78136
-4.76032
-5.00696
-4.45910
-4.99147
-4.77086
-4.64319
-3.92900
-4.06931
-4.74590
-4.05199
-4.59774
-5.10186
-4.30098
-4.34170
-4.93177
-4.96222
-4.41603
-4.19801
-6.12753
-4.50995
-4.93714
-4.08825
-6.28476
-5.00824
-5.32868
-5.29579
-5.51766
-5.63502
-5.50427
-5.29431
-4.61194
-5.12876
-4.90044
-5.10302
-4.67816
-5.62699
-4.61390
-4.81545
-4.70785
-4.82453
-5.29428
-4.32532
-4.73051
-4.38706
-4.42504
-4.29751
-4.48510
-4.80712
-4.67507
-4.38233
-4.02975
-5.29649
-4.72906
-4.88187
-4.56252
-4.56753
-4.54722
-5.40407
-4.82904
-4.54736
-4.95512
-4.57736
-4.64022
-5.16618
-5.45490
-4.69873
-4.55036
-5.01793
-4.34018
-4.28887
-4.44671
-5.45404
-4.29049
-5.26757
-4.90870
-4.57566
-3.88998
-4.33206
-4.04097
-4.71059
-4.75929
-3.72955
-4.91138
-4.31731
-4.22181
-5.77453
-5.34126
-4.84239
-3.95126
-5.50298
-4.87465
-5.56277
-4.46046
-4.45403
-5.37330
-5.04063
-4.14843
-4.68531
-5.66362
-4.35186
-5.08817
-5.06768
-4.84778
-5.35425
-4.79005
-4.78092
-4.90080
-4.97156
-4.88701
-4.49731
-5.17911
-5.79408
-3.79260
-4.35202
-4.56020
-4.95815
-5.26891
-5.03164
-4.95078
-5.01258
-5.10817
-5.17299
-5.44677
-4.80376
-3.98164
-5.15448
-5.14880
-5.32723
-5.10563
-5.29514
-5.13390
-5.08775
-5.35820
-4.33351
-4.63486
-4.29966
-5.06335
-4.32847
-4.40268
-4.43312
-4.05709
-4.68766
-4.07900
-6.10164
-5.99306
-4.71207
-4.48568
-3.49058
-5.17297
-5.07726
-4.79886
-4.80580
-4.85811
-5.19872
-4.96397
-5.08093
-4.74796
-4.89912
-4.93055
-4.94762
-4.97514
-4.59391
-4.97287
-4.53277
-5.10702
-3.85906
-4.82635
-5.24169
-5.88829
-5.15374
-4.88686
-5.04494
-5.22882
-5.10806
-4.90869
-4.79930
-5.21691
-4.98622
-4.73459
-4.93845
-3.52060
-4.59983
-5.48283
-5.13329
-4.61491
-4.19984
-4.08007
-4.95402
-5.42200
-5.66009
-5.61224
-4.63110
-5.67432
-4.30930
-4.51055
-4.65890
-4.52681
-4.69758
-4.87621
-5.32037
-5.11660
-4.64618
-4.91193
-4.76131
-4.35196
-3.99126
-4.06243
-3.94173
-4.83211
-4.78267
-4.71642
-4.74068
-5.12851
-4.97886
-4.86846
-4.94162
-5.51510
-4.36169
-4.30138
-4.53252
-3.94357
-4.82475
-4.14770
-4.45029
-4.72372
-5.05161
-4.79000
-4.71835
-4.82350
-4.62114
-5.17955
-4.80165
-4.28603
-4.22387
-4.87532
-5.44617
-5.22138
-5.22850
-4.99381
-5.02091
-5.20846
-3.74876
-3.68691
-5.11370
-4.89699
-5.09280
-5.10751
-5.02378
-5.15778
-4.69637
-4.82957
-4.55715
-4.77533
-4.62375
-3.98361
-4.41118
-4.26957
-3.76225
-4.56721
-4.22321
-4.24246
-4.43996
-4.27427
-4.26203
-3.81482
-4.10885
-3.65719
-3.37254
-4.10547
-4.88398
-4.83283
-3.68048
-4.57473
-4.57178
-4.43323
-4.17223
-4.38771
-4.70809
-4.97004
-4.71805
-4.14789
-4.15522
-4.91134
-4.16421
-4.36051
-4.04931
-4.72265
-4.68676
-3.56802
-3.56273
-3.97557
-3.87643
-4.83971
-4.75601
-4.87142
-5.06260
-4.49071
-4.47532
-4.49588
-3.82139
-3.45132
-4.74128
-4.58947
-4.90381
-4.17867
-5.30147
-4.50699
-5.06186
-4.01558
-4.73004
-4.97240
-4.46706
-3.99737
-4.32222
-4.13915
-4.51448
-4.49691
-4.55089
-4.47552
-5.30489
-4.50316
-4.85936
-5.35021
-5.16487
-4.26118
-5.45395
-5.98214
-4.73332
-5.80976
-4.43676
-5.09741
-4.03589
-3.72665
-5.47209
-4.14734
-4.56679
-5.75406
-4.55651
-4.96701
-5.19827
-5.02158
-4.50837
-4.65328
-5.44223
-4.67681
-2.22574
-4.46670
-4.88127
-4.48218
-4.63710
-4.59457
-4.06699
-4.48966
-3.98539
-4.56857
-5.08681
-4.85975
-4.79179
-4.50802
-4.65375
-4.72105
-3.94015
-4.62952
-4.61184
-5.40016
-5.10730
-4.82694
-4.59266
-5.48968
-5.54140
-4.89513
-4.91700
-5.08397
-4.97542
-4.68691
-4.82614
-4.62070
-4.71063
-4.60654
-4.60550
-5.13665
-4.27635
-3.93076
-4.38308
-5.37624
-4.21877
-4.41507
-3.91481
-3.85643
-3.59782
-4.81992
-5.13046
-4.79303
-5.25993
-5.18942
-5.24907
-5.72970
-5.07328
-4.75671
-5.01937
-4.94928
-5.17077
-4.63638
-5.28459
-4.23485
-3.94534
-4.28475
-4.29723
-4.24152
-5.41450
-3.62987
-5.27473
-5.40558
-5.55594
-5.29638
-4.97882
-5.06008
-5.16879
-4.89870
-5.13679
-5.34953
-5.21277
-4.78769
-5.02165
-3.76761
-4.37259
-4.27817
-4.82730
-4.77866
-4.60177
-4.55854
-4.42404
-5.16221
-5.33847
-4.82674
-4.01358
-4.32183
-4.02234
-4.30334
-3.39951
-4.24049
-4.11126
-3.85677
-4.80276
-5.16771
-4.65713
-4.01165
-5.68776
-5.04433
-4.88500
-5.01638
-3.56704
-5.16277
-5.03357
-4.66746
-4.70564
-4.65173
-4.46228
-5.31794
-4.59644
-4.52025
-4.78338
-5.15449
-4.44051
-4.21671
-4.34791
-4.63397
-5.18624
-4.61254
-4.81267
-5.34337
-4.27638
-4.01432
-4.04126
-3.80997
-3.39618
-4.46113
-4.10726
-4.16354
-3.58246
-5.07250
-4.57595
-4.72982
-4.30924
-3.94038
-5.61683
-4.70650
-5.04914
-5.13232
-5.27575
-3.98876
-4.11305
-4.47686
-3.74679
-3.05027
-5.06069
-3.86238
-3.49350
-4.36928
-4.19175
-4.53240
-4.80331
-3.50646
-3.70852
-4.10521
-4.82071
-4.07902
-4.74759
-4.90750
-5.11478
-3.27387
-3.78296
-4.94287
-5.38252
-5.57113
-4.39592
-4.26218
-4.90317
-5.54823
-4.94220
-3.78900
-4.48208
-4.48149
-4.25345
-4.58466
-4.15999
-3.28399
-3.80507
-4.93902
-3.91376
-3.86936
-4.48876
-4.21578
-5.17481
-4.49727
-4.50392
-5.01818
-4.76070
-4.45823
-6.14337
-5.36860
-5.65731
-4.70693
-3.98114
-4.10409
-4.33292
-3.75419
-4.69327
-4.78392
-4.92684
-4.02702
-5.18501
-4.62697
-4.05487
-4.97830
-4.43614
-5.65719
-4.77071
-3.70080
-4.05587
-4.72810
-4.31302
-4.68986
-4.88242
-4.77256
-4.78079
-4.85494
-5.06732
-5.46123
-5.31649
-4.56866
-4.44538
-4.50853
-4.88620
-5.16942
-5.19978
-4.96616
-5.70481
-4.41679
-4.88637
-5.33829
-5.08739
-4.06806
-4.04428
-4.46321
-4.37229
-4.03324
-5.26645
-3.78424
-4.76648
-5.71149
-5.02841
-5.26487
-4.64233
-6.99259
-4.67616
-4.27859
-5.94425
-5.63764
-5.49484
-5.37714
-5.52953
-4.16135
-5.21799
-5.01566
-4.82049
-3.64772
-5.04235
-5.28087
-5.21479
-5.06141
-5.21453
-5.05211
-5.09179
-4.95942
-4.94872
-6.01889
-6.15751
-6.20683
-3.73723
-4.66782
-4.57307
-5.17514
-4.66574
-4.46692
-4.17609
-4.44389
-5.28119
-4.55089
-3.45253
-4.75432
-4.37991
-3.59512
-3.87770
-4.04099
-4.06624
-4.18964
-4.25503
-3.83300
-3.72641
-3.65622
-4.82896
-5.34096
-3.58459
-4.86115
-4.58493
-4.26679
-5.20855
-3.79381
-4.63640
-3.52810
-4.12061
-4.06302
-4.06021
-3.94244
-3.59788
-4.58889
-4.55177
-3.60927
-5.01417
-4.56146
-5.43786
-4.57097
-4.97921
-5.24835
-5.91432
-4.87430
-4.68755
-4.90381
-4.35239
-4.75735
-4.77647
-5.68991
-4.95447
-4.47654
-3.87856
-3.84095
-4.38237
-5.00215
-5.61658
-5.33247
-5.79193
-5.50820
-6.05744
-3.87104
-3.89461
-4.75298
-5.02366
-3.67983
-5.65706
-5.81515
-5.16077
-5.07831
-5.25005
-5.89238
-4.58178
-4.12914
-4.35989
-5.74658
-5.63421
-5.25325
-5.32061
-4.92553
-5.35133
-4.88396
-5.37521
-5.74885
-5.06605
-5.17022
-4.52400
-4.56670
-4.96797
-3.71772
-3.96969
-4.44948
-4.43679
-4.61281
-5.27028
-4.37050
-4.47271
-5.17435
-5.07632
-4.21058
-4.51786
-3.94790
-5.70524
-5.03999
-4.91729
-4.86244
-4.58914
-5.01650
-4.48505
-4.53122
-4.31360
-4.83202
-4.20921
-5.36318
-4.94906
-4.91634
-3.91768
-4.41542
-4.31645
-4.54436
-3.91015
-4.02794
-6.21765
-4.61194
-4.80633
-5.19898
-4.32761
-4.33658
-3.96294
-4.22895
-5.06424
-4.50599
-4.52352
-4.37410
-5.85623
-5.12017
-4.59974
-4.01134
-3.93484
-5.18922
-4.95736
-3.82957
-4.51664
-4.20182
-3.69044
-4.17647
-4.17110
-4.94339
-4.97653
-3.32785
-5.08026
-4.23892
-5.34484
-5.76273
-5.13174
-4.46967
-5.19783
-4.80084
-4.21781
-4.45576
-3.89122
-5.49883
-4.24558
-4.18098
-4.19280
-4.10061
-4.73818
-4.45781
-5.00728
-4.19950
-4.14229
-4.89735
-4.15600
-4.19482
-4.29209
-4.39084
-4.22366
-4.89809
-5.98802
-4.66791
-5.58335
-3.68619
-4.55115
-4.23029
-3.62664
-4.93150
-4.49280
-4.29074
-5.66483
-4.28265
-4.36801
-3.52361
-5.08949
-4.70299
-5.56368
-5.90725
-4.84148
-3.89554
-5.44437
-4.84390
-4.44442
-4.54217
-3.70262
-5.41435
-3.38480
-4.02365
-4.09869
-4.37026
-4.59682
-4.43816
-3.38230
-4.87572
-3.59133
-5.12130
-4.31724
-4.43254
-5.29915
-4.43069
-4.98607
-6.30405
-3.99445
-4.59737
-4.96489
-4.78531
-4.94521
-4.66070
-5.22711
-3.89071
-3.15765
-4.50264
-3.93781
-4.04701
-3.95778
-5.02020
-4.40509
-4.76198
-5.06791
-4.63690
-3.99845
-4.02821
-4.20782
-3.93379
-4.56811
-4.97749
-4.32651
-5.12414
-4.22913
-4.37769
-4.44466
-4.38348
-4.62240
-4.09494
-4.06367
-3.90246
-4.26612
-3.63780
-3.84467
-3.95006
-4.57879
-4.52118
-4.53373
-4.69398
-3.89741
-4.24388
-4.27786
-5.19665
-4.28194
-3.97877
-5.00742
-5.02163
-4.02412
-3.95650
-3.77428
-3.70171
-3.77082
-5.02449
-4.19187
-4.33194
-3.90656
-4.12808
-4.13289
-4.04814
-3.62289
-4.18541
-4.75785
-4.32865
-4.92621
-3.74806
-4.09135
-4.26531
-4.24558
-4.47229
-4.69965
-4.85777
-4.05338
-4.93140
-4.89542
-4.70057
-4.88054
-4.82703
-5.29029
-4.94933
-4.80616
-4.83157
-4.72436
-4.73950
-4.16693
-5.71081
-4.49174
-4.85129
-4.74091
-4.14069
-4.26074
-4.46682
-4.28542
-4.48156
-3.82133
-4.24587
-4.67070
-4.50409
-5.83255
-5.17069
-5.84304
-5.95574
-5.28247
-5.63021
-5.79445
-5.45821
-4.90293
-4.90240
-5.24934
-5.85295
-4.82370
-4.92061
-4.43654
-4.42024
-6.18311
-5.33943
-5.37613
-6.27491
-5.30332
-5.48503
-5.52158
-5.32534
-4.97370
-4.87842
-4.65883
-5.36119
-5.72256
-4.88761
-5.15130
-4.63554
-4.21726
-5.13868
-5.54913
-5.44754
-4.86421
-4.98294
-4.77898
-5.84524
-4.81500
-4.77787
-4.55902
-4.60326
-4.96593
-5.14469
-4.75404
-4.98783
-5.42155
-5.37859
-4.57211
-5.38157
-5.23248
-4.41200
-4.70367
-4.50471
-4.89948
-4.51932
-5.03983
-4.91099
-4.70794
-3.19829
-5.16580
-4.63958
-4.54736
-4.60240
-4.36094
-4.54962
-4.37293
-4.31728
-4.18409
-4.07116
-4.62489
-4.52941
-4.42571
-4.25596
-4.31891
-4.19975
-4.07667
-4.16810
-3.80649
-4.93303
-4.35765
-5.38382
-4.54667
-4.32897
-3.80026
-4.25289
-4.89198
-4.26979
-5.13276
-4.58893
-4.79638
-3.65653
-5.04081
-4.56540
-4.27941
-3.52348
-3.73081
-3.55679
-4.36020
-4.21298
-4.73810
-5.78235
-5.05575
-5.20540
-4.55950
-4.35703
-4.33208
-6.56583
-5.83440
-4.84538
-5.89214
-5.53019
-5.49797
-5.78082
-5.61047
-4.50346
-4.48872
-4.73240
-4.65434
-5.07773
-5.02611
-5.20963
-4.90975
-5.31845
-5.45645
-5.08735
-5.28625
-5.60577
-5.29842
-4.67273
-4.57598
-4.88338
-5.32973
-4.09490
-4.73459
-4.33274
-4.81260
-3.75703
-5.46649
-4.09422
-5.54507
-5.67565
-3.61139
-3.49525
-3.67788
-6.03537
-4.84246
-3.96192
-4.55287
-3.82606
-3.68414
-4.39743
-4.92428
-4.69968
-5.28251
-3.48642
-4.21675
-4.64720
-5.08786
-4.68858
-4.31163
-5.78287
-4.79828
-4.50125
-4.02362
-4.24067
-4.70559
-4.86658
-4.30290
-4.78912
-4.35599
-4.68949
-4.09075
-5.14851
-5.03661
-4.40742
-4.88842
-3.62777
-3.87745
-3.71107
-5.10702
-4.53270
-4.16426
-3.76825
-3.50088
-3.37195
-4.20089
-4.38304
-4.24188
-4.32240
-5.52319
-3.96906
-4.69510
-4.05155
-4.81965
-5.26186
-4.89626
-4.51059
-5.67064
-6.36746
-4.51970
-5.77835
-5.40525
-4.27667
-4.92740
-4.73172
-4.74957
-4.66948
-4.48487
-4.47702
-5.34381
-4.38300
-3.94151
-4.79837
-4.39727
-4.76424
-4.46284
-4.37686
-5.46713
-4.23511
-3.66757
-4.20470
-4.44850
-4.27636
-4.56655
-5.34987
-4.59987
-5.62230
-3.39649
-4.23274
-4.28057
-5.01590
-3.93564
-4.82794
-5.37182
-5.06362
-3.87802
-4.32353
-5.12445
-5.45712
-5.16088
-4.66457
-5.31450
-4.17859
-4.29999
-4.62192
-4.23056
-5.00265
-4.68575
-4.91191
-5.62019
-4.54726
-4.28914
-5.64157
-5.21354
-4.72345
-5.06017
-4.50550
-4.94327
-4.34187
-4.68636
-4.50864
-4.52220
-5.02960
-4.62578
-4.07252
-4.02615
-5.63266
-5.70134
-5.16634
-5.24361
-6.17649
-6.13189
-5.15191
-5.74396
-5.31903
-4.93803
-3.71900
-5.41855
-3.73773
-3.99314
-5.52478
-5.13862
-5.27858
-4.30095
-4.07462
-4.77247
-4.37735
-4.59679
-4.08687
-4.42473
-4.58679
-4.47196
-5.56212
-6.17015
-4.65736
-4.18148
-3.98535
-3.89189
-3.91990
-4.53211
-4.20941
-4.71484
-5.09378
-4.56361
-5.08719
-4.87256
-5.51590
-3.85239
-4.42377
-4.74212
-5.05911
-4.58145
-4.13170
-4.47952
-3.89946
-3.80050
-4.75169
-4.30222
-4.96412
-4.20774
-5.35723
-5.00626
-4.74396
-4.91687
-5.04465
-5.09882
-5.02314
-5.28033
-4.59720
-4.95170
-5.38363
-4.59495
-5.23152
-4.58739
-4.21234
-4.89858
-4.85434
-4.37847
-4.74829
-4.59438
-5.45808
-5.03151
-5.39650
-5.24471
-5.80936
-5.87440
-4.90386
-5.16165
-5.41276
-4.70648
-5.47855
-4.73429
-4.91405
-4.28672
-4.32633
-4.24328
-4.97631
-4.36572
-4.50541
-4.07460
-4.10771
-4.83955
-4.50136
-4.42700
-3.51312
-3.94948
-4.63455
-4.12721
-4.83746
-4.79721
-4.20957
-5.24398
-3.89098
-5.17159
-4.07577
-4.97910
-4.79201
-5.03372
-4.92427
-5.16747
-4.63495
-5.04454
-4.78445
-5.13070
-4.88718
-5.18472
-5.05786
-5.23975
-4.54529
-5.09212
-4.73972
-4.72567
-4.94678
-4.59316
-4.68081
-5.26999
-4.97957
-5.08017
-4.84509
-4.04763
-4.05462
-4.43049
-4.26443
-4.68265
-4.54432
-4.49768
-5.21646
-5.56389
-6.74706
-4.84858
-4.66781
-4.62871
-4.95084
-4.37066
-4.62618
-5.86626
-5.44627
-5.61575
-5.10862
-5.12649
-4.73876
-4.71969
-5.13236
-4.82414
-5.96194
-4.59992
-5.11068
-5.02794
-4.50189
-4.50749
-4.35755
-4.98997
-4.27941
-4.17534
-4.10729
-3.96986
-4.24191
-4.60600
-3.85169
-4.63532
-4.65551
-5.21858
-4.72468
-5.30903
-5.30582
-6.09966
-4.52753
-4.36035
-4.57751
-4.68690
-3.84401
-4.59836
-5.19735
-5.17755
-5.12947
-4.86470
-5.42450
-4.98660
-5.14120
-4.75044
-5.48498
-4.70181
-5.01040
-4.88835
-4.76447
-4.96098
-4.58742
-4.54021
-5.08119
-5.03323
-4.24398
-4.17950
-4.07648
-5.04306
-4.84588
-5.36529
-5.02437
-5.49763
-5.40082
-4.89585
-4.89392
-5.36019
-4.14886
-4.01678
-4.40039
-4.27552
-4.22586
-3.97696
-5.03094
-4.48398
-5.81508
-4.30017
-4.40879
-4.26343
-4.68567
-4.59071
-5.19871
-5.04958
-4.83825
-5.00616
-5.69271
-4.63093
-5.24971
-5.21653
-4.16380
-4.79646
-4.22800
-3.50039
-4.57887
-4.82813
-4.92772
-4.84892
-4.02622
-4.00207
-3.93929
-4.44116
-4.97878
-4.76014
-4.82609
-4.84088
-4.77655
-3.83719
-4.29595
-4.15972
-5.13601
-4.98459
-5.15098
-4.73493
-4.95625
-4.67435
-4.76403
-4.52802
-3.84430
-4.86554
-5.07615
-4.49998
-4.52076
-4.83680
-4.53452
-5.27298
-3.74884
-4.22588
-4.43685
-5.20318
-4.36669
-5.07998
-4.60407
-5.14270
-4.75925
-4.56342
-4.16979
-4.24688
-4.63541
-4.21224
-4.19994
-4.46620
-4.21276
-4.42815
-4.45783
-4.70328
-4.43519
-4.45846
-4.26609
-4.65770
-5.32296
-5.21626
-4.72400
-4.74502
-4.58884
-4.95061
-5.32684
-4.96237
-5.44678
-5.23184
-5.11846
-4.64936
-5.09327
-3.93860
-4.35113
-4.43543
-4.00454
-4.00790
-4.44081
-4.32738
-3.97715
-3.99814
-4.18451
-4.10327
-3.77283
-5.15760
-4.72095
-4.81519
-4.60541
-4.99486
-4.65008
-3.83252
-4.29581
-4.03593
-4.84410
-4.08735
-3.99594
-3.97265
-4.53666
-4.41030
-3.87024
-4.84646
-3.65418
-3.69270
-4.42333
-4.38964
-4.22852
-4.64006
-4.28700
-3.84237
-4.23344
-4.53331
-3.58539
-3.95161
-4.90543
-5.29381
-5.09337
-4.58668
-3.77791
-3.86470
-4.42041
-4.13282
-4.68452
-4.43446
-4.49456
-4.14587
-5.12660
-5.02988
-4.77161
-4.32611
-4.24758
-4.45045
-5.04527
-4.41332
-4.17446
-4.56689
-4.84839
-5.20056
-5.07172
-4.39575
-4.60571
-4.45777
-4.83741
-4.45646
-3.93762
-5.12264
-4.49530
-4.23454
-4.56587
-4.85399
-4.56812
-4.18172
-4.18083
-4.23824
-4.48583
-5.72895
-4.76133
-4.77359
-4.76651
-4.34485
-4.21304
-3.93670
-4.39138
-4.92350
-4.45468
-4.65527
-4.13127
-4.63227
-4.14184
-5.10923
-4.89899
-5.40749
-3.46196
-3.41672
-4.31829
-4.43461
-5.16679
-4.52467
-4.90449
-4.97821
-4.95849
-4.71751
-5.11965
-4.54511
-4.52905
-3.99390
-3.78005
-4.25345
-5.31747
-4.24688
-4.75455
-4.54911
-4.15209
-4.07862
-4.76789
-4.22026
-4.34642
-5.06659
-4.50579
-4.40713
-4.48464
-4.67493
-4.36958
-4.07612
-4.57206
-4.40967
-4.08361
-4.59310
-4.43406
-4.73478
-4.56543
-4.76048
-4.37962
-4.65101
-4.32456
-4.91449
-4.07649
-5.77656
-4.75382
-4.89518
-4.05280
-4.69575
-4.31379
-4.37666
-4.93463
-4.25652
-3.90631
-5.54777
-5.00885
-4.20147
-4.45615
-4.88250
-4.69713
-5.34347
-4.90729
-6.21125
-6.01268
-6.25272
-4.85120
-4.64106
-4.37810
-5.01847
-4.21176
-4.68100
-5.40423
-5.43183
-5.72136
-4.69558
-4.05407
-4.60213
-4.54348
-4.26422
-4.02024
-3.95794
-5.02840
-5.09746
-4.64174
-3.89025
-3.98385
-3.88866
-5.21661
-4.67667
-3.88534
-3.73483
-5.11218
-5.58871
-5.06192
-4.72768
-4.51909
-5.13559
-5.00827
-4.99119
-4.61698
-4.94163
-4.18529
-4.53844
-4.84959
-5.01912
-4.93745
-5.18519
-4.82065
-3.90714
-4.35913
-4.20552
-4.74326
-3.94143
-4.67088
-4.36724
-4.63991
-4.62091
-4.14693
-4.30571
-4.67920
-4.77551
-5.20843
-4.77226
-4.11035
-4.22965
-4.65121
-4.12255
-4.64452
-4.70674
-4.77810
-5.09674
-4.19568
-4.04984
-4.32469
-4.57868
-4.62965
-3.88470
-4.89506
-4.24727
-3.55174
-4.69434
-4.05047
-4.16867
-6.37096
-5.15410
-4.78101
-4.53068
-3.54622
-3.65310
-3.06887
-3.32784
-3.54708
-3.65777
-3.98829
-3.67414
-2.95195
-3.48833
-3.20793
-3.04310
-3.32752
-3.45005
-5.37666
-4.66673
-5.75591
-4.22368
-4.58630
-3.93585
-4.14068
-4.15846
-4.01630
-4.19629
-4.17956
-4.61291
-4.22303
-4.30126
-4.07598
-4.58712
-4.31140
-4.17310
-4.30893
-4.67256
-4.95822
-4.82391
-4.68873
-4.40370
-4.62726
-4.78467
-4.31311
-4.48564
-4.48154
-4.93699
-4.54499
-4.67618
-5.18155
-4.61055
-4.18471
-4.67026
-4.20763
-5.98240
-4.23006
-4.33584
-3.32813
-4.46473
-4.24505
-4.14871
-3.90283
-5.01282
-5.21672
-4.48230
-4.58866
-4.10662
-4.85203
-4.52985
-4.87028
-4.36846
-3.99829
-5.14669
-5.28012
-5.44917
-5.51726
-5.11318
-4.22517
-4.97865
-4.99865
-4.78023
-4.74206
-4.35272
-4.41039
-4.54912
-4.19455
-4.19511
-4.34357
-3.90768
-4.34838
-4.76471
-4.02699
-4.17444
-3.81104
-4.82992
-5.15648
-4.00348
-4.12137
-4.98196
-3.69866
-4.23491
-4.58368
-4.84493
-4.29074
-4.66937
-4.07752
-3.79801
-4.65025
-5.06450
-4.68298
-4.34480
-5.13206
-4.62928
-3.61179
-4.14337
-3.87285
-4.15859
-4.10736
-3.98093
-4.32471
-4.60598
-4.77997
-5.07863
-4.92722
-5.21350
-4.78026
-4.26773
-4.29024
-4.28451
-5.16610
-4.66768
-4.90062
-4.38389
-4.53506
-4.37867
-4.50169
-5.52648
-5.22644
-4.50895
-4.89875
-4.56031
-4.16873
-4.01467
-4.66823
-4.51017
-4.64930
-4.12763
-4.65808
-4.57380
-4.64941
-4.97276
-4.56529
-3.93991
-4.17954
-4.17004
-4.23710
-4.47118
-5.09964
-4.74612
-4.57392
-4.75694
-4.58411
-5.58894
-5.74591
-4.08622
-4.13894
-3.99128
-4.24779
-4.24220
-4.26070
-4.71706
-4.58076
-4.95126
-4.90635
-4.73446
-4.94292
-4.68508
-5.35479
-4.83889
-4.87069
-5.12300
-4.35502
-4.03356
-4.44643
-4.41035
-4.37403
-4.68269
-3.94658
-5.11223
-4.46875
-4.05768
-5.16279
-5.40187
-4.66162
-4.31157
-4.68185
-4.81336
-4.95471
-3.88358
-4.70373
-4.38870
-4.41447
-4.51553
-4.50493
-4.51313
-4.37865
-4.23516
-4.89353
-4.30529
-4.79606
-4.48847
-4.19624
-4.24045
-4.01532
-5.37352
-4.95610
-5.27978
-4.83285
-4.11076
-5.00843
-4.26045
-4.61012
-4.87919
-5.69908
-5.01502
-5.39247
-4.77452
-5.04832
-4.00820
-4.15755
-4.56006
-3.72047
-4.41914
-4.14217
-6.07058
-4.51978
-4.39515
-4.66925
-4.35267
-4.08320
-3.96553
-4.37763
-4.19306
-3.77101
-4.31943
-4.70030
-4.58332
-5.23525
-4.89245
-4.92503
-4.93547
-4.30560
-4.39664
-5.07826
-4.98115
-2.67913
-4.06241
-3.15594
-5.08588
-4.33004
-4.26272
-3.43932
-5.22571
-3.99547
-4.23173
-4.48729
-4.27058
-4.55243
-5.49264
-4.85082
-3.78653
-3.19867
-4.83112
-4.73798
-4.47314
-4.07788
-4.36516
-4.76564
-4.64907
-3.83343
-4.54674
-4.72381
-4.68474
-4.06559
-4.41812
-4.55860
-5.54500
-4.83070
-4.90068
-4.61942
-4.77511
-4.35258
-4.63004
-4.54409
-4.80642
-4.69012
-4.95125
-6.06789
-5.30645
-4.68072
-3.86278
-4.86548
-5.87791
-4.63645
-4.65745
-5.25414
-5.18675
-4.89758
-5.30764
-5.06349
-5.30525
-5.48630
-4.75158
-4.67790
-5.10802
-4.87841
-4.74826
-4.93081
-5.38801
-5.48936
-4.89281
-5.83564
-3.30629
-4.98550
-4.84105
-4.53711
-4.56522
-4.53825
-4.70345
-5.30016
-5.06605
-5.20838
-4.83752
-5.98058
-5.77339
-5.54121
-5.21173
-5.73047
-5.26381
-5.12107
-5.68839
-5.91211
-5.46924
-4.88906
-5.43460
-4.98009
-4.98668
-4.67360
-5.25540
-4.27302
-4.86917
-5.24685
-4.87951
-4.77540
-5.09227
-6.11992
-4.88960
-5.18465
-4.70678
-4.89157
-4.68032
-4.68750
-4.85300
-4.83589
-5.88189
-4.39860
-3.94708
-5.18670
-3.97208
-4.86667
-5.34570
-4.08158
-6.07557
-5.92739
-4.58127
-4.58460
-4.61967
-5.07361
-5.36542
-5.35080
-4.92990
-4.71121
-4.11039
-5.43108
-5.03521
-5.55894
-4.76314
-4.75902
-5.03469
-4.40352
-5.32152
-4.81021
-4.56291
-4.03985
-4.27415
-4.21017
-4.90017
-3.84619
-4.04343
-4.00887
-4.67895
-5.51459
-3.50767
-5.49623
-4.23325
-4.67653
-4.54337
-4.64054
-4.38183
-4.46554
-2.92087
-4.98688
-4.75065
-4.20593
-4.75081
-3.89432
-4.44520
-3.51326
-4.28080
-5.54612
-4.73556
-5.53117
-3.70014
-5.73769
-5.03653
-4.46306
-4.62656
-5.11402
-3.83985
-4.84125
-4.79050
-4.86031
-4.79693
-4.57573
-4.25028
-4.81439
-4.10790
-5.58968
-4.56566
-4.80070
-5.24911
-3.84723
-3.88321
-5.24984
-5.35073
-4.96999
-3.90968
-4.60374
-5.24138
-4.26554
-4.26229
-4.21044
-4.61786
-5.32732
-4.76291
-4.25803
-5.18823
-4.81805
-5.59701
-5.13775
-5.61463
-5.61568
-4.82278
-3.74264
-4.42724
-4.53911
-4.87050
-5.92669
-4.10819
-4.26494
-5.49265
-5.78541
-2.90761
-3.15868
-3.50499
-5.67661
-4.02417
-3.56878
-4.55767
-4.94225
-4.53913
-3.11440
-4.83380
-3.47217
-5.33572
-5.16504
-6.52458
-3.92798
-4.71429
-5.50452
-3.45125
-4.29845
-3.15012
-5.17388
-6.05154
-5.41904
-4.84896
-5.90277
-5.09666
-4.05878
-5.50789
-5.42308
-5.41703
-5.75449
-4.39338
-4.33143
-5.07274
-5.31038
-4.23073
-6.22157
-5.42165
-4.94514
-2.60676
-5.15184
-3.16296
-3.51496
-5.62662
-5.20875
-2.61379
-5.88675
-5.38184
-5.97275
-5.53296
-5.38755
-6.41882
-5.27549
-5.99680
-4.83830
-5.23101
-5.56762
-5.69006
-4.74217
-5.90909
-6.00502
-5.43372
-5.84455
-5.71518
-6.28543
-5.33564
-6.06887
-5.63734
-4.92468
-5.12294
-4.67125
-3.54244
-5.70749
