-4.13182
-5.92226
-5.08124
-5.17907
-6.82476
-5.50527
-3.91900
-3.29711
-5.28242
-5.75010
-5.11046
-6.43102
-6.76404
-6.00760
-4.18225
-5.65718
-5.23086
-5.01740
-6.92816
-5.18039
-6.81399
-6.05761
-3.61598
-3.88519
-5.52982
-5.98725
-4.90890
-6.18878
-4.83978
-3.77176
-5.46658
-5.04128
-6.37587
-4.81681
-4.71101
-4.40306
-3.85747
-3.65326
-5.28877
-4.30884
-4.48983
-3.47034
-4.39174
-3.27544
-4.04649
-5.56955
-3.47075
-3.20507
-3.16649
-4.40609
-4.77743
-4.37485
-5.54831
-4.80386
-3.81554
-4.27285
-4.35283
-4.56710
-5.08648
-4.54051
-3.62424
-3.79553
-2.57687
-4.51209
-3.86139
-4.26136
-4.14500
-4.47562
-3.19756
-3.65881
-4.70208
-4.70047
-6.26461
-3.75498
-4.68692
-3.71852
-4.53121
-3.89517
-4.66889
-4.99431
-4.06345
-5.11945
-3.45725
-4.55411
-3.39118
-4.69126
-3.96306
-3.51683
-5.87257
-4.02349
-4.22730
-3.44885
-3.73865
-4.79827
-5.46924
-3.96846
-3.81425
-3.67331
-4.00074
-4.61327
-5.03250
-3.38140
-4.18970
-2.95747
-3.98607
-4.30530
-4.18038
-3.99986
-4.33869
-5.27353
-4.12729
-3.14847
-3.70313
-3.83696
-3.53418
-4.33558
-3.56325
-5.45654
-3.60089
-2.42608
-3.77003
-3.84703
-3.26749
-4.02621
-3.92784
-4.71106
-3.82107
-4.06636
-4.88632
-4.69101
-4.58291
-4.27644
-4.02424
-3.97672
-3.75475
-4.89840
-3.39434
-4.05563
-3.97156
-3.83246
-4.80766
-5.18135
-5.67577
-3.92767
-4.70223
-4.20766
-4.63026
-2.61771
-3.95248
-3.80889
-3.47115
-4.13628
-4.88636
-3.44993
-3.88819
-3.37311
-4.67983
-4.30600
-4.17074
-4.46375
-5.89247
-3.91673
-3.18645
-4.57974
-5.97827
-3.46282
-4.00892
-4.99281
-4.33254
-4.98883
-5.19531
-4.53433
-6.86152
-4.15231
-3.79341
-4.40604
-4.71989
-5.07003
-3.92566
-5.16348
-4.45386
-4.54797
-4.40641
-4.32239
-4.20665
-3.68173
-5.49425
-4.79994
-4.40250
-3.20293
-4.18115
-3.76709
-4.00241
-4.47732
-5.48537
-4.75577
-4.65386
-3.45037
-3.86452
-3.92152
-3.22529
-4.13831
-3.73782
-5.60402
-2.98096
-4.72572
-5.29134
-4.08748
-3.79659
-4.50603
-3.34536
-5.65657
-4.62610
-4.82647
-4.17392
-4.33903
-3.87835
-4.32717
-4.99767
-4.83776
-3.74957
-4.71097
-4.33458
-3.21288
-3.98454
-4.86456
-6.08461
-4.65582
-3.90955
-2.89005
-4.24519
-5.87501
-3.89129
-4.56474
-4.77318
-4.61772
-3.44649
-3.90048
-4.46202
-3.94703
-5.12045
-4.27722
-3.80233
-4.44064
-5.65576
-4.97033
-4.00058
-5.11654
-4.96303
-4.79549
-3.85144
-3.80035
-4.52916
-5.26237
-3.12932
-4.20307
-3.39378
-5.35540
-4.47974
-4.30743
-3.66519
-3.70936
-3.72185
-4.12268
-3.11669
-4.08870
-4.64167
-4.28405
-4.06396
-3.91929
-4.97892
-4.59290
-3.55399
-3.81305
-5.32574
-4.51056
-5.61609
-6.65933
-5.34863
-4.65710
-4.68385
-5.26106
-3.51713
-4.01166
-3.66707
-4.78417
-4.90562
-3.41794
-4.45168
-3.87391
-4.97562
-4.00569
-4.73798
-5.50615
-3.90851
-5.24227
-4.23456
-4.11321
-4.89694
-4.09952
-4.14795
-5.19663
-4.73631
-4.86030
-4.95070
-5.02643
-4.10279
-4.80106
-6.13387
-4.74780
-4.12268
-5.18836
-4.60018
-4.10139
-4.55028
-5.48085
-4.00005
-3.73663
-4.88623
-4.88159
-4.48225
-4.71532
-3.51469
-5.39632
-4.52255
-4.95704
-3.73967
-4.27092
-4.12096
-4.44020
-3.57947
-3.84611
-4.78837
-3.68057
-5.06502
-4.82821
-4.28113
-4.86358
-3.97197
-3.63981
-3.44897
-5.11705
-4.39670
-5.45554
-4.79260
-3.86536
-5.76513
-4.02479
-2.43451
-5.00235
-5.42550
-3.52629
-2.94000
-2.92444
-4.43869
-3.92243
-4.63184
-3.48883
-4.19788
-3.34136
-4.27627
-3.29124
-4.89715
-4.69632
-3.92172
-5.45909
-3.81994
-4.06917
-4.61782
-3.64923
-2.43601
-4.11098
-5.44385
-6.08426
-3.39926
-4.67773
-4.61118
-3.86819
-4.78189
-3.98959
-4.75251
-5.16238
-5.13473
-4.55267
-5.82179
-3.70962
-4.96701
-4.17020
-3.94858
-5.48150
-4.12821
-4.27743
-4.48017
-4.85022
-4.21432
-4.86794
-5.12505
-5.83401
-3.94526
-3.74559
-3.64320
-4.11746
-4.78902
-4.67526
-3.36218
-3.09037
-3.73135
-4.30798
-3.54050
-3.55494
-4.66350
-4.78015
-3.51814
-4.47771
-5.22075
-4.20898
-4.09043
-4.80161
-4.81054
-4.19053
-4.67263
-4.35313
-3.98687
-4.52305
-3.59666
-5.17372
-3.87704
-2.81769
-4.03667
-5.50338
-5.00243
-3.28762
-5.60041
-4.70192
-2.84535
-4.21478
-3.39564
-4.51974
-3.55847
-3.59860
-4.52927
-4.94239
-4.28577
-3.78704
-5.21135
-4.10208
-3.25410
-3.82573
-4.64151
-4.95280
-4.03461
-3.70507
-5.68200
-3.47351
-4.33944
-3.60927
-4.20522
-3.38479
-3.94713
-3.67587
-4.44139
-4.96248
-5.81263
-3.66057
-3.69414
-3.81978
-3.28154
-4.95361
-6.26785
-4.38018
-4.19665
-4.54301
-3.97318
-5.47206
-3.60849
-3.88854
-4.32248
-5.45110
-3.68603
-3.72105
-3.68598
-3.91718
-4.97595
-4.71458
-6.35666
-4.56703
-2.68281
-4.11251
-4.20091
-3.68844
-4.37437
-4.15535
-3.87514
-4.04900
-4.92850
-2.86379
-5.44049
-3.79406
-4.19391
-4.42129
-3.86227
-5.09492
-3.15432
-3.76500
-3.61493
-4.92115
-4.31738
-5.21133
-3.06260
-3.90104
-3.22194
-4.43275
-4.88536
-5.28456
-4.21122
-4.78311
-3.01879
-3.47991
-3.12102
-4.93528
-3.99460
-4.32707
-3.92358
-5.20720
-6.03498
-4.34845
-5.12255
-3.71590
-5.03742
-4.49224
-4.47678
-4.96269
-4.66894
-3.97067
-4.78507
-3.21006
-2.96670
-3.38004
-5.02458
-4.71075
-3.35158
-3.78759
-3.73058
-3.67467
-4.03598
-5.99023
-4.36465
-4.66561
-4.50246
-4.04091
-4.93402
-5.19067
-3.56288
-4.41353
-4.78478
-4.32562
-4.65726
-4.55884
-2.94617
-3.91245
-4.63377
-5.42077
-5.98312
-3.41234
-5.53763
-4.04939
-5.06028
-4.25205
-3.41955
-4.91695
-4.36959
-5.61230
-4.36295
-3.75661
-6.15149
-4.68906
-3.64248
-4.73898
-3.91042
-3.06005
-3.97110
-5.93841
-4.43028
-3.30045
-3.80854
-4.18684
-3.97532
-3.88456
-4.21732
-4.77375
-4.32145
-6.39299
-6.48762
-4.62500
-6.16309
-4.63455
-5.26844
-4.35179
-4.16404
-5.40262
-3.94664
-4.18759
-5.95846
-4.16579
-3.95025
-4.25878
-3.83953
-4.80070
-4.70304
-2.93820
-4.17432
-3.61052
-5.57873
-5.46629
-4.07412
-3.92131
-7.00477
-4.81138
-5.82969
-5.49697
-4.98357
-4.72890
-5.27787
-4.04512
-3.11699
-4.39063
-4.75605
-4.59793
-4.54208
-3.68046
-4.90306
-4.02443
-4.69661
-4.04760
-3.37208
-3.48607
-3.61299
-3.27283
-3.56275
-3.71625
-4.72503
-3.71707
-4.35371
-4.43608
-4.60555
-4.42460
-4.41836
-4.79113
-4.13597
-5.61305
-4.26752
-4.52830
-5.22968
-5.74154
-5.84527
-4.23799
-5.21264
-5.02726
-4.00595
-5.90895
-4.73414
-4.66349
-4.71399
-3.79690
-4.79878
-4.11402
-3.66672
-4.50927
-4.22482
-5.52149
-5.52920
-6.12110
-4.77472
-5.71579
-5.43502
-6.14395
-5.15278
-3.33107
-3.55400
-3.45607
-3.69042
-4.86020
-4.55797
-3.65773
-4.88189
-5.32011
-5.72587
-4.69149
-5.60334
-4.73130
-5.29269
-5.06831
-4.34185
-4.67280
-3.63392
-3.51095
-3.45505
-4.84163
-4.06032
-4.04911
-4.27251
-4.12789
-4.50842
-4.55312
-3.84717
-4.11550
-3.89103
-4.05184
-5.02371
-3.98583
-3.91467
-3.96424
-4.08296
-3.79238
-4.40785
-3.71732
-4.16343
-4.40477
-4.39505
-4.24989
-3.97747
-3.75406
-3.39333
-2.96793
-3.02246
-4.21011
-4.07371
-4.00975
-4.46731
-3.57406
-4.13010
-3.40941
-6.00332
-4.06801
-3.80895
-4.81436
-5.00889
-5.02532
-4.51479
-4.18232
-4.06961
-4.20438
-4.01849
-3.60293
-5.18991
-4.31092
-4.08494
-3.99004
-3.60317
-4.19024
-3.29200
-3.94941
-3.57918
-4.84371
-4.81814
-4.99723
-4.74911
-4.43495
-4.64326
-3.95907
-4.51676
-4.96601
-3.33679
-4.57710
-3.88371
-4.48921
-3.58407
-4.22212
-3.77350
-4.76012
-4.47542
-4.62140
-4.51757
-3.70873
-4.08324
-3.41038
-4.19471
-3.70308
-6.19598
-3.90917
-4.20936
-4.68283
-3.99180
-3.61269
-4.02952
-3.16052
-4.53484
-4.61787
-4.57064
-3.91158
-5.71288
-5.96129
-4.54650
-5.94816
-4.99280
-4.25643
-4.03579
-3.90551
-3.82074
-4.16397
-4.27067
-3.88825
-4.22153
-3.58670
-4.92979
-5.56446
-4.65810
-4.79583
-3.71062
-3.95729
-4.01545
-3.69287
-4.37337
-3.84171
-3.83231
-4.02996
-4.84112
-3.88504
-5.19127
-4.49491
-3.93049
-6.28745
-3.42705
-3.58855
-4.47064
-3.55933
-3.81897
-3.66319
-4.92769
-3.59634
-5.13222
-3.38678
-4.64372
-4.06715
-3.54406
-4.22265
-5.25098
-4.86435
-3.83457
-4.30695
-6.68158
-3.83351
-5.32779
-4.06964
-5.65754
-5.47641
-4.71727
-4.55478
-4.59376
-3.29953
-3.81242
-3.75695
-5.60539
-5.50066
-4.40012
-4.07008
-4.92633
-4.29312
-4.36382
-3.97107
-4.03218
-4.46899
-4.78404
-5.25543
-4.30395
-3.16692
-4.37127
-4.67946
-5.07063
-4.43728
-5.49126
-4.16088
-3.88256
-3.99814
-4.99227
-4.33398
-5.22418
-4.89465
-5.44286
-5.18047
-4.61398
-4.65403
-4.09021
-4.06880
-4.90245
-4.65232
-3.38186
-3.44267
-4.16713
-6.39008
-4.04884
-3.40690
-5.09505
-4.01373
-3.40411
-4.51547
-3.94080
-4.97388
-3.76376
-4.75597
-5.03150
-4.74672
-4.19313
-3.86121
-4.31077
-3.59260
-4.83635
-4.05303
-3.50531
-4.24012
-3.89578
-3.51732
-3.61213
-4.42644
-4.45762
-4.38288
-4.08057
-3.67397
-4.17222
-3.39689
-4.42901
-4.49573
-4.17698
-4.63228
-4.92362
-5.34571
-5.09059
-4.22835
-4.42484
-5.77233
-3.10779
-4.07225
-4.24581
-5.42994
-4.62698
-3.82256
-4.88008
-4.72694
-4.15593
-4.87664
-6.03097
-3.76343
-4.85181
-3.57291
-3.54355
-5.59240
-4.77934
-3.83435
-3.67923
-3.79475
-3.88424
-4.13044
-3.99533
-3.72437
-3.58653
-5.70108
-3.73240
-4.83578
-3.99259
-5.37899
-4.21544
-4.39279
-4.88924
-4.24875
-5.09452
-4.31791
-4.76661
-3.84490
-4.47008
-4.23152
-4.49776
-3.78098
-4.71429
-4.19217
-5.06037
-5.17375
-4.80390
-4.67480
-3.80025
-4.14190
-4.60885
-3.89113
-4.81345
-4.12490
-3.76646
-3.81007
-4.48988
-4.08773
-3.95069
-3.87198
-4.47831
-3.95147
-4.12463
-3.91641
-4.55097
-4.97022
-4.53654
-5.47757
-6.17035
-4.13908
-6.18891
-6.04577
-5.24469
-4.40604
-4.74108
-4.56913
-3.94960
-4.49288
-5.75409
-4.19574
-4.97134
-4.11552
-4.78808
-3.49192
-4.95542
-3.97090
-4.38696
-5.07067
-4.29720
-5.29574
-5.46105
-4.77774
-6.05327
-5.58787
-4.63823
-4.62854
-5.20610
-4.48743
-6.01604
-5.20852
-5.22185
-5.30142
-4.55576
-4.02956
-5.18117
-5.52850
-3.63934
-6.22482
-3.90175
-3.70839
-5.11375
-4.85273
-5.50289
-4.38649
-3.78203
-4.71471
-4.78678
-4.07331
-5.52196
-3.90977
-4.19635
-4.74214
-4.04125
-3.69257
-4.05153
-3.65618
-3.33178
-3.91090
-4.26144
-4.29401
-4.18936
-4.25725
-6.15931
-6.32037
-4.71071
-4.62666
-6.30651
-4.74332
-3.86569
-6.70205
-4.58943
-4.72741
-3.63862
-4.67718
-3.78753
-4.52414
-4.41491
-4.30290
-4.73189
-4.53744
-6.51092
-6.24222
-4.15911
-4.97800
-3.64684
-4.49808
-6.30245
-5.16648
-3.93386
-3.70447
-5.48928
-3.78716
-4.29326
-4.53995
-4.92923
-4.58445
-3.93096
-4.09736
-4.67317
-4.30834
-4.18964
-3.96522
-3.47961
-4.34702
-3.67417
-5.09985
-4.70033
-5.00070
-4.98302
-5.40946
-4.04743
-5.46245
-4.45897
-5.31273
-5.41141
-5.11147
-4.81377
-4.02759
-4.85556
-5.34115
-4.00134
-4.51464
-4.04716
-4.69304
-5.32646
-5.37812
-4.62468
-4.45275
-5.34376
-5.12068
-3.98321
-4.27991
-4.94195
-5.60302
-4.36963
-4.10466
-4.45589
-4.76967
-5.08440
-4.98529
-4.29816
-4.55182
-3.70688
-4.25971
-3.60020
-4.39995
-3.63166
-3.97484
-4.37040
-4.23142
-4.45026
-4.26548
-4.49412
-5.06770
-3.70089
-4.01719
-3.97848
-3.64750
-4.95438
-4.05820
-4.27478
-4.04007
-4.36465
-4.57300
-5.03879
-4.18962
-3.64758
-4.58680
-3.41408
-3.80959
-3.79066
-3.97798
-6.11486
-5.97359
-5.43395
-4.99660
-3.40139
-4.13452
-3.81464
-4.37141
-4.43015
-4.46374
-4.24866
-3.58522
-6.01795
-4.74206
-3.66930
-3.93685
-4.88585
-5.48104
-4.61669
-3.84834
-3.96225
-4.15215
-3.49411
-4.05466
-3.82016
-4.43719
-3.82025
-4.45645
-4.15311
-3.98260
-4.63083
-4.51559
-4.04769
-3.77365
-5.16400
-4.87068
-3.80857
-6.05465
-5.91984
-4.90858
-4.01769
-4.67282
-4.52780
-3.96235
-3.84864
-3.83721
-4.31493
-4.00486
-4.36081
-4.05151
-3.91386
-4.23397
-5.74160
-3.34219
-3.35819
-3.80334
-3.27103
-6.73236
-4.34639
-5.66900
-6.32238
-4.26972
-3.88342
-4.42750
-3.52548
-3.43868
-3.53602
-3.01016
-4.41580
-4.12231
-4.73806
-3.83891
-4.57374
-4.53378
-4.14233
-4.65585
-4.80494
-4.89586
-3.71023
-3.78755
-3.97519
-3.82247
-3.99071
-4.04951
-4.80974
-3.84495
-4.70623
-4.92346
-5.16661
-3.60187
-6.29419
-6.33457
-4.14209
-5.47471
-3.38918
-5.83730
-4.03656
-4.07729
-5.05422
-4.30983
-5.40283
-5.38701
-4.81588
-5.00150
-6.27972
-5.59672
-4.05934
-3.63354
-5.45326
-4.14491
-2.43544
-4.44362
-4.66089
-4.00176
-4.21934
-4.19411
-4.83613
-4.54158
-3.84845
-4.28021
-4.01415
-4.08653
-4.44274
-3.87750
-5.46838
-3.87042
-3.80899
-5.22506
-4.36565
-4.80635
-5.32588
-5.22765
-4.12637
-5.35034
-5.47375
-5.51555
-5.70046
-4.58697
-4.41643
-5.14337
-4.68038
-5.24980
-4.07281
-3.45621
-4.00589
-5.28518
-3.44612
-3.06468
-4.31714
-4.26008
-3.18785
-3.63406
-3.53460
-3.58242
-3.38816
-3.82830
-4.07431
-3.56963
-3.54672
-4.40426
-4.22148
-4.57753
-4.18757
-4.53563
-5.47374
-4.14822
-4.47111
-4.02265
-4.52649
-3.54216
-3.76512
-3.89440
-3.73110
-3.51840
-4.02155
-3.21699
-5.58705
-3.88932
-4.01575
-5.32167
-4.21637
-5.56367
-4.86233
-5.82385
-5.58923
-5.53764
-4.26549
-4.29448
-4.09824
-3.41507
-4.94857
-4.98175
-3.52551
-4.81800
-3.48546
-4.84584
-4.62928
-4.06312
-4.59773
-5.24010
-3.51801
-4.22174
-4.38282
-4.06058
-2.69907
-4.41266
-4.59801
-4.43706
-3.71212
-4.79675
-5.09418
-3.79495
-5.03301
-4.23053
-6.42056
-3.74994
-4.05851
-3.97569
-4.55169
-4.52125
-4.05528
-4.97859
-4.52983
-5.41296
-5.10468
-4.80543
-4.95018
-5.25966
-4.19037
-4.17550
-3.80602
-4.33309
-4.13826
-4.27335
-4.18085
-5.25589
-4.05228
-4.31978
-3.72532
-3.78284
-3.77475
-4.52158
-4.01833
-4.38814
-4.17785
-3.97607
-4.65546
-4.83817
-4.25695
-4.18418
-5.43209
-4.33011
-4.68278
-3.99468
-4.58908
-4.27403
-3.81356
-4.63231
-3.53707
-3.32830
-3.19117
-4.03355
-3.61860
-4.88708
-4.26497
-4.85465
-4.10097
-3.68398
-3.29051
-3.64693
-4.70639
-3.82698
-4.16852
-5.05196
-4.29385
-3.29805
-3.91904
-4.92694
-3.90562
-5.21832
-3.97088
-3.60680
-4.57900
-6.00860
-3.83641
-3.63179
-4.20268
-4.10630
-4.07441
-3.95427
-3.81612
-3.23750
-3.98680
-5.00476
-3.77926
-3.48541
-3.72395
-4.11954
-4.43214
-4.24366
-3.93089
-4.28351
-4.20351
-4.95843
-5.18101
-4.55955
-4.67963
-4.75291
-3.86903
-4.27967
-3.95878
-3.38900
-4.22443
-4.61979
-4.71927
-3.96625
-5.19870
-3.72908
-4.18310
-5.09865
-4.02368
-5.73399
-4.67039
-3.33497
-3.57947
-4.13771
-3.81319
-4.92943
-4.44025
-4.68039
-4.62879
-4.80816
-4.13727
-5.15584
-4.47069
-4.23738
-3.89257
-4.11778
-4.05811
-3.85584
-3.77319
-5.92082
-5.75838
-4.10502
-4.63426
-3.72601
-5.98928
-4.20080
-3.37945
-4.27914
-4.31251
-3.88236
-5.17078
-3.55875
-4.04605
-4.30360
-5.83112
-6.21027
-5.02649
-6.62518
-4.70927
-4.49073
-3.99886
-4.33632
-4.12777
-3.98779
-4.55392
-3.67328
-3.84171
-5.98926
-4.50187
-4.15442
-4.46453
-4.09633
-4.60635
-6.68954
-6.95035
-5.76667
-5.33803
-4.49727
-4.60875
-5.61160
-5.33518
-4.18708
-3.40510
-4.06589
-4.49466
-4.39032
-3.93376
-3.82527
-4.01593
-4.65240
-4.52418
-4.94788
-3.84161
-4.97533
-4.26342
-3.96965
-3.90920
-4.49867
-4.16426
-3.37946
-3.72076
-3.93980
-3.47551
-3.45655
-5.73107
-4.18028
-3.36141
-5.59647
-3.80676
-4.07814
-3.73912
-4.62090
-3.56820
-2.77455
-4.29830
-4.50859
-4.66773
-3.90820
-3.58651
-4.10001
-4.09016
-4.06189
-4.29747
-3.82154
-4.46011
-4.47798
-4.92029
-5.26188
-4.80475
-4.25407
-4.44694
-4.69078
-3.79366
-4.58616
-4.93556
-5.54795
-4.11205
-3.84288
-3.81038
-3.77893
-4.46291
-5.84433
-4.58122
-5.09710
-4.96165
-4.68325
-5.57640
-3.82222
-3.42365
-3.78601
-4.69355
-3.40027
-6.38892
-5.42597
-4.58785
-4.42689
-4.20943
-4.13488
-4.03819
-4.06605
-3.71621
-4.39042
-4.28089
-4.75739
-4.47727
-4.03557
-4.57267
-4.38422
-4.29961
-5.10999
-4.50780
-4.43870
-4.30607
-4.54377
-4.54166
-3.52158
-4.07926
-4.10104
-3.55963
-4.56243
-3.99848
-4.38935
-4.45659
-4.77915
-4.29912
-4.30029
-3.77132
-3.20643
-5.75992
-4.35842
-4.40775
-4.01107
-4.11846
-4.18898
-3.82032
-4.45453
-3.98946
-4.49931
-3.65873
-4.47931
-5.15018
-6.11246
-3.99423
-3.92362
-4.58132
-4.46633
-3.86131
-4.42491
-5.74153
-4.33889
-4.80984
-3.73429
-4.03441
-4.75229
-4.97883
-4.26924
-4.52151
-5.02358
-4.80147
-4.28756
-5.94420
-5.01212
-5.04996
-4.20200
-4.53789
-4.49430
-3.84704
-3.44363
-4.50057
-3.64650
-3.37472
-4.21974
-3.91776
-4.78697
-4.63257
-3.36624
-4.75731
-4.44894
-5.47362
-5.83647
-5.95746
-4.00198
-4.18839
-3.74930
-3.77508
-4.15973
-3.84706
-5.20005
-3.97149
-3.69035
-4.16367
-4.16571
-4.49365
-4.59526
-4.94135
-3.90912
-4.54053
-4.67500
-4.13129
-4.23731
-3.88752
-4.39798
-3.83414
-4.97536
-6.22052
-4.37569
-5.51142
-4.15455
-4.57414
-4.27011
-3.53086
-4.52872
-5.33044
-4.47511
-3.75866
-3.61228
-4.51514
-3.83615
-4.59426
-4.44690
-5.85773
-6.01144
-4.75278
-3.67906
-5.19625
-5.13801
-4.69976
-4.61293
-3.60680
-5.52429
-3.42614
-3.74048
-4.05231
-4.52515
-4.67060
-4.41646
-3.61344
-5.82805
-4.23762
-4.22547
-4.14650
-5.29509
-4.97061
-3.95716
-5.30036
-5.76737
-4.31113
-4.66872
-4.41830
-4.55920
-4.55209
-4.41305
-4.30476
-3.41978
-2.90068
-3.92790
-3.83301
-3.85101
-3.62774
-4.11159
-3.95789
-4.11364
-4.32570
-4.46077
-3.65935
-3.44481
-4.16991
-4.07091
-4.39783
-4.41739
-3.47164
-3.80547
-3.75442
-4.18503
-3.99200
-3.57053
-3.34459
-3.91209
-4.01118
-4.37236
-4.10586
-3.52400
-3.90900
-3.60300
-4.02935
-4.00737
-4.45215
-3.71787
-4.29992
-3.83223
-3.43198
-4.94700
-3.94156
-4.09392
-4.56185
-4.20194
-4.20101
-3.91941
-3.70563
-3.93517
-3.91457
-4.42960
-3.89826
-3.80735
-3.90123
-4.02410
-4.03346
-4.51066
-3.37542
-3.84579
-3.70806
-4.35085
-4.31507
-4.71219
-4.60011
-3.82933
-3.93383
-4.06565
-4.25801
-4.36839
-4.03679
-4.48355
-4.70487
-4.81749
-4.42406
-3.87023
-4.40129
-4.52289
-4.64114
-4.48281
-4.84854
-4.65178
-3.53009
-4.86234
-4.27031
-4.52019
-4.81693
-3.68429
-4.19840
-4.25749
-4.65508
-5.13820
-3.83237
-3.88816
-3.99371
-4.57447
-5.40270
-5.49824
-5.28074
-6.03385
-5.26556
-5.03409
-5.32708
-5.35714
-4.37959
-4.55821
-5.32170
-5.40201
-4.73967
-4.37931
-4.86505
-4.94746
-5.20564
-5.44603
-4.52829
-5.27886
-4.88778
-5.53765
-4.72734
-4.53125
-4.77428
-4.60199
-4.18634
-4.23830
-4.74082
-4.75339
-4.54031
-5.10505
-4.79193
-5.07177
-4.65787
-5.11548
-4.49654
-4.09237
-4.51793
-5.01197
-5.17599
-4.59876
-3.85859
-4.48234
-5.30330
-4.50040
-4.58109
-5.40786
-4.83629
-4.85353
-4.02557
-4.74644
-4.28297
-4.06614
-4.48730
-3.60264
-4.26690
-3.73169
-4.33310
-4.52614
-4.03296
-3.71293
-4.27596
-4.16044
-4.69350
-4.48976
-3.98601
-4.23389
-3.80142
-4.02868
-3.60620
-3.78789
-4.04895
-4.01356
-4.04208
-3.78215
-3.81233
-4.21829
-4.03305
-3.74829
-3.73516
-4.45673
-3.78697
-5.30764
-3.77073
-5.72324
-3.91804
-4.24631
-4.45746
-3.99526
-3.71274
-4.81189
-4.84820
-4.59256
-4.93225
-5.07345
-4.37412
-3.98664
-3.80087
-2.93894
-4.87648
-4.41956
-4.61369
-5.87994
-4.72688
-4.83719
-4.07584
-4.18455
-4.38499
-5.75814
-5.69556
-5.67315
-7.20674
-6.19703
-6.89007
-4.18178
-4.41644
-4.88943
-4.81835
-5.17278
-5.58448
-5.95718
-6.78429
-4.11505
-6.52421
-3.80384
-4.46567
-4.72314
-5.82246
-6.84882
-6.22406
-4.71048
-4.86741
-5.67486
-5.08632
-4.11586
-4.10251
-5.15434
-4.40769
-4.28520
-5.63908
-3.94574
-5.40661
-5.30695
-3.88052
-3.83395
-3.65692
-5.56621
-4.71044
-4.36149
-4.34001
-4.35986
-3.68493
-3.68600
-6.13125
-4.36607
-5.04795
-3.61475
-4.00144
-4.18924
-4.71798
-4.47825
-5.49114
-6.33650
-3.97916
-4.29215
-5.13584
-4.14834
-5.88463
-4.86525
-4.23147
-5.02777
-3.95032
-5.28609
-3.58748
-4.55774
-4.26242
-4.11653
-4.32939
-3.56069
-3.67214
-3.89734
-3.90466
-4.46280
-4.62017
-3.60484
-3.39988
-3.20062
-4.18252
-4.19252
-4.01496
-3.61307
-5.00345
-4.60720
-4.32212
-3.76542
-4.10890
-4.64159
-5.27043
-4.55032
-5.90402
-6.04622
-4.06506
-5.72067
-5.85833
-3.92932
-4.61873
-4.81175
-4.43243
-5.07855
-3.49503
-3.70183
-4.73974
-3.62588
-3.65211
-4.93921
-4.40591
-4.51476
-4.36246
-3.79258
-4.57712
-4.21806
-3.50716
-5.10563
-4.59723
-4.37912
-4.23070
-4.62122
-4.89433
-3.83446
-3.29988
-4.50298
-4.41775
-4.89323
-3.53474
-5.96129
-5.10300
-3.77328
-3.71068
-4.44231
-4.50258
-4.68825
-3.67220
-4.26609
-4.36669
-4.13161
-4.30457
-4.60882
-4.25296
-4.42481
-4.76379
-4.55987
-6.29415
-4.20789
-4.27669
-4.53215
-4.28830
-4.72798
-4.34896
-4.17189
-4.33021
-3.68011
-4.36848
-3.90439
-4.69112
-4.46309
-4.33942
-4.66656
-3.91404
-4.98246
-4.77004
-4.29572
-4.54509
-5.25274
-5.41992
-4.28239
-5.20044
-4.86372
-4.47210
-3.65789
-4.93542
-3.10379
-3.16976
-3.78107
-3.95885
-4.02298
-4.02594
-4.25321
-4.42728
-3.83470
-4.08668
-3.90022
-3.80733
-4.40083
-4.02890
-5.72416
-5.31780
-4.22432
-3.83719
-3.87097
-3.79022
-3.75583
-4.52565
-4.41267
-4.94260
-4.49687
-4.50808
-4.64634
-4.45975
-4.79319
-3.69156
-3.74399
-3.73067
-4.82782
-4.46975
-4.03857
-4.00220
-3.82611
-3.95852
-4.33408
-4.00026
-4.07060
-3.85630
-4.86249
-5.49709
-5.17260
-4.82958
-4.58622
-4.43761
-4.48496
-4.60450
-4.87848
-5.14434
-4.98343
-5.07004
-5.21873
-5.59244
-3.80288
-4.04239
-4.57561
-3.81540
-4.57102
-4.75997
-4.98301
-4.35315
-5.57847
-5.16650
-4.31927
-4.76411
-4.53509
-4.39648
-4.79778
-5.03175
-4.77231
-4.43469
-3.86812
-3.56638
-4.53691
-4.33740
-4.91749
-3.97382
-4.43732
-4.29779
-4.37620
-4.35084
-4.10371
-3.76023
-3.94377
-3.75131
-5.98402
-4.27799
-3.94228
-4.37024
-4.62266
-4.05457
-3.82604
-5.17359
-3.30188
-5.77310
-4.29749
-4.18963
-4.99035
-4.79100
-4.02947
-4.42835
-4.72161
-4.82515
-4.80339
-4.32124
-3.77812
-4.07042
-4.24865
-4.09729
-4.04824
-4.11097
-4.34173
-4.19094
-3.58427
-4.75007
-4.82451
-4.37591
-3.79844
-3.57207
-3.69674
-3.44228
-3.26424
-3.55866
-4.03965
-3.64348
-4.93571
-5.11839
-5.82961
-4.99162
-4.85263
-4.34318
-4.23832
-4.12310
-5.65874
-5.38732
-4.46079
-4.76068
-4.07798
-5.30020
-4.63147
-4.48987
-4.99069
-4.44810
-5.10221
-4.82207
-4.26651
-4.34437
-4.09219
-4.99814
-4.42857
-4.22743
-4.37525
-4.26116
-4.39919
-3.78884
-4.07235
-4.83741
-3.26017
-4.56721
-5.43773
-5.05982
-4.71789
-4.68683
-4.72159
-5.96929
-4.17791
-3.75205
-4.15315
-4.01810
-3.61564
-4.05294
-4.17115
-4.50584
-4.37796
-4.35750
-4.06949
-4.26332
-5.19342
-4.18324
-4.30210
-4.73277
-4.18693
-4.82920
-5.01637
-4.83034
-5.05676
-5.04616
-4.71052
-4.26600
-3.98725
-4.07132
-4.39802
-4.41025
-4.29494
-4.66222
-4.53767
-4.79173
-5.16715
-4.83245
-4.23882
-4.08971
-4.15449
-3.80106
-3.94964
-3.85110
-3.89523
-3.39752
-4.90716
-3.88248
-5.01166
-3.95053
-4.44643
-3.86933
-4.58053
-4.35263
-5.22584
-4.30919
-4.18930
-4.79526
-4.73431
-4.73034
-4.79612
-5.04013
-3.62961
-4.18410
-4.79427
-3.03445
-4.30416
-4.13664
-4.33807
-4.65696
-3.78297
-3.52873
-3.94369
-4.30847
-4.43562
-3.94148
-4.17049
-3.75664
-4.62029
-4.09536
-3.95780
-4.03458
-4.54635
-4.39827
-4.17473
-5.12516
-4.89040
-5.28932
-4.70439
-4.83273
-3.42027
-5.25407
-4.17594
-4.01341
-3.90618
-5.20926
-4.95640
-5.87027
-3.82048
-3.95603
-4.31923
-5.80645
-3.66423
-4.90256
-4.30676
-4.03669
-4.32286
-3.89946
-3.91747
-3.80374
-4.57986
-4.06931
-3.90818
-3.94065
-3.85572
-3.89487
-4.13330
-4.14571
-4.15376
-3.87865
-3.86946
-4.05732
-4.73032
-4.34459
-3.85058
-3.99166
-3.71574
-4.07715
-4.89220
-4.72366
-4.92316
-4.87009
-4.72312
-5.31331
-4.59906
-3.87802
-3.77164
-3.59670
-4.03686
-3.48928
-4.71750
-3.58246
-4.04887
-3.77610
-3.70355
-3.81924
-3.47960
-4.03079
-4.14492
-4.14923
-4.00520
-4.38654
-4.42283
-4.77815
-3.59181
-3.91599
-3.94513
-3.92703
-3.55242
-3.61137
-3.88088
-4.09490
-3.76018
-4.54729
-4.07388
-4.10754
-3.76267
-3.85842
-3.79268
-4.36545
-4.88206
-3.69908
-3.68579
-4.13438
-3.73903
-3.53407
-4.77398
-5.23131
-4.79788
-4.23582
-3.65435
-3.58280
-3.32150
-3.54452
-4.37456
-3.49945
-3.78089
-4.07969
-4.72525
-4.60120
-4.36396
-3.83036
-4.21594
-5.07968
-4.27173
-3.75703
-3.93057
-4.33427
-4.02563
-5.71151
-4.50813
-4.16372
-4.06500
-4.09144
-3.86026
-3.69649
-3.57935
-4.46836
-4.04497
-3.84210
-3.82176
-3.83017
-3.71172
-4.49224
-4.18878
-4.30296
-3.83432
-5.93031
-4.80716
-3.94241
-3.95450
-3.82813
-4.02815
-3.58159
-3.54586
-4.67607
-4.05218
-3.96606
-4.10220
-4.40257
-4.88037
-4.27224
-4.16821
-6.65925
-3.09018
-2.96710
-3.91379
-4.55725
-4.34713
-4.17139
-4.41810
-4.35789
-4.74351
-4.77337
-4.72185
-4.09670
-4.06514
-3.34490
-3.67034
-4.48307
-4.73313
-3.58433
-3.83922
-4.39962
-3.69284
-3.64172
-4.00063
-3.64223
-3.72273
-4.81736
-4.68974
-3.77353
-5.07795
-4.68265
-4.23199
-3.89153
-4.59445
-3.90956
-4.30044
-4.45387
-4.01121
-3.78686
-4.93041
-4.49234
-4.55446
-4.76874
-4.39766
-4.19545
-4.11979
-4.20780
-4.04523
-4.67214
-3.53656
-4.21749
-4.22587
-3.69081
-4.15098
-4.13227
-3.65556
-4.68625
-4.29479
-4.76634
-4.17858
-4.48144
-4.35716
-4.98038
-4.98730
-4.99299
-5.22347
-5.55636
-4.08804
-3.93322
-3.86611
-4.05496
-4.47080
-4.86915
-4.65031
-4.76975
-5.88199
-4.61056
-3.97740
-3.97401
-4.36621
-3.49593
-4.03866
-4.34687
-4.76378
-4.69752
-4.33340
-3.88368
-3.91189
-3.63771
-4.48962
-4.35605
-3.61831
-3.91033
-4.67674
-5.21891
-4.51545
-3.81828
-4.00606
-4.33236
-4.17995
-4.14365
-4.46975
-4.23486
-4.13023
-4.22633
-4.34964
-4.39919
-3.60264
-4.79918
-4.60561
-4.05865
-5.00970
-3.78820
-5.64655
-4.24824
-3.66870
-3.90322
-3.36828
-4.07251
-4.69638
-4.80825
-5.30623
-4.43797
-4.02628
-3.40185
-3.04387
-3.53295
-3.89544
-3.96317
-3.89878
-4.35233
-4.32721
-4.20157
-3.27348
-3.34149
-3.49765
-3.81774
-3.33455
-3.19986
-3.24719
-3.36802
-3.30348
-4.07659
-3.76829
-3.86388
-6.25653
-5.41187
-4.40346
-3.89063
-3.10330
-3.35225
-3.02540
-3.22433
-3.00359
-3.51291
-3.40736
-3.51036
-2.75605
-3.08314
-3.12081
-2.94062
-2.81613
-3.08077
-3.92051
-4.48318
-4.64883
-4.34430
-4.26815
-3.42389
-3.93705
-3.67158
-3.31213
-3.49575
-3.55626
-3.82689
-4.07839
-3.85181
-3.79465
-4.53179
-4.10698
-3.85450
-3.86425
-3.58513
-4.19014
-3.90457
-4.40893
-3.61325
-4.00977
-5.25101
-4.58888
-3.98818
-4.50485
-4.19571
-3.67106
-4.74906
-4.49838
-3.98882
-3.64403
-4.11574
-3.62528
-5.96017
-3.88968
-3.99007
-3.39684
-3.93746
-3.72624
-3.84467
-3.60540
-4.25606
-3.93520
-4.08326
-4.16627
-3.79224
-4.69806
-4.39498
-4.34823
-4.11786
-4.14738
-4.67144
-5.21996
-4.92239
-4.90411
-4.92124
-4.28667
-4.08341
-4.58421
-4.52009
-4.14689
-4.83904
-4.16763
-4.51964
-3.27990
-3.55243
-3.77464
-3.88294
-4.37307
-4.23022
-4.10214
-3.67673
-3.62201
-5.33267
-4.61512
-3.69761
-3.62641
-4.68001
-3.83717
-3.89608
-4.62750
-4.11888
-4.77900
-4.26014
-4.55762
-4.09325
-4.13314
-4.41352
-3.79107
-3.84117
-4.79326
-4.44821
-3.69708
-3.93752
-4.04985
-4.06391
-3.73958
-3.67600
-3.97936
-4.70860
-4.55936
-4.58156
-4.45996
-5.12366
-3.82580
-3.79566
-4.26440
-4.42284
-5.26207
-4.74367
-4.20754
-5.21082
-3.99699
-4.77014
-4.89592
-4.91386
-4.79084
-4.23998
-4.53749
-4.39533
-4.11401
-4.28464
-4.12843
-4.04634
-4.26186
-3.86993
-4.14563
-3.95055
-3.88327
-4.39620
-4.29339
-3.38896
-3.71245
-4.11778
-4.32078
-4.11966
-4.24879
-3.43627
-4.26766
-4.31039
-4.20249
-4.73739
-5.37396
-3.87372
-3.64870
-3.80705
-3.92522
-4.36909
-4.65112
-4.56195
-4.17441
-4.34687
-5.14761
-4.29276
-4.54300
-4.10546
-5.04175
-3.51642
-4.97872
-4.52301
-4.10422
-4.24319
-5.15991
-3.72229
-3.92367
-4.17774
-3.63477
-4.11181
-3.59194
-3.88161
-4.16346
-5.08557
-4.14501
-4.07603
-3.65635
-3.69807
-3.95773
-3.52178
-4.15215
-4.75922
-4.67574
-3.92923
-4.53569
-4.03590
-3.76262
-3.61519
-3.84925
-3.42659
-4.89636
-3.36099
-3.95612
-3.88788
-4.42137
-4.47966
-4.06825
-4.75756
-3.31673
-4.02250
-5.95341
-3.82914
-5.06166
-4.72907
-5.18602
-5.17388
-4.55612
-5.23455
-5.04674
-3.97619
-3.63705
-4.35628
-3.25040
-4.30958
-4.55025
-6.20929
-4.43974
-4.09737
-3.23651
-3.64630
-4.61078
-3.77566
-4.86200
-3.41585
-4.28874
-3.93829
-4.47301
-4.32300
-4.84776
-3.73683
-3.89361
-3.89111
-4.34728
-4.46828
-4.40677
-5.40969
-3.01421
-3.67027
-3.49668
-5.11046
-4.17584
-4.08917
-3.33786
-5.03789
-3.87982
-4.32653
-5.18160
-4.50121
-4.54455
-6.05756
-4.64744
-2.73156
-3.29557
-4.12571
-4.11437
-4.08957
-4.42944
-4.00766
-4.58671
-6.21949
-3.80142
-4.14545
-5.67477
-5.66878
-4.42467
-5.31959
-5.19606
-4.79636
-5.49301
-4.95677
-4.99133
-4.24811
-3.90463
-4.79465
-4.54026
-5.21384
-5.15811
-5.34834
-6.71051
-6.96172
-5.04911
-3.98597
-4.47053
-5.25579
-4.30305
-4.51660
-5.29080
-4.65131
-5.16104
-4.59439
-4.68717
-6.58565
-6.14021
-4.41433
-4.70764
-6.13565
-5.47253
-5.15615
-4.81206
-4.22499
-4.67708
-4.78713
-5.01796
-3.60631
-5.51301
-3.95928
-5.21885
-4.72389
-4.19674
-4.71365
-4.46677
-4.16635
-3.81415
-3.98166
-6.48626
-6.45854
-5.31211
-5.54834
-5.13079
-6.05324
-5.15110
-4.72683
-5.55070
-6.37484
-4.11520
-5.86323
-6.04566
-5.68641
-5.43310
-4.55260
-3.93220
-4.30465
-4.87819
-5.00153
-3.86751
-3.77791
-4.50827
-5.07492
-4.42877
-4.22731
-5.11233
-5.66864
-4.13782
-3.72223
-4.04782
-6.50488
-4.19656
-3.61782
-5.00277
-3.72466
-6.02079
-5.42844
-4.25079
-6.59938
-6.68730
-5.13306
-4.25289
-4.05885
-4.44243
-4.64892
-4.52399
-3.66666
-4.33468
-4.48449
-5.81670
-4.69338
-5.12676
-4.27656
-3.91520
-4.35839
-3.93500
-5.08254
-4.94478
-4.56852
-4.06462
-4.84542
-3.73287
-4.10162
-4.41512
-3.97179
-3.44673
-4.66246
-4.77457
-4.07543
-4.73910
-4.08502
-5.49649
-4.29031
-4.21540
-3.74317
-3.50400
-3.00665
-3.93045
-4.16637
-3.93779
-4.25145
-3.66814
-3.91022
-2.38176
-4.24655
-6.90136
-3.78168
-4.24979
-3.55905
-5.02886
-4.93532
-3.90887
-3.95486
-4.44272
-4.34954
-4.50449
-5.60717
-6.12394
-4.44621
-3.85220
-3.57695
-5.37179
-5.09120
-5.74119
-4.71781
-4.61892
-5.19428
-4.02591
-3.46202
-4.80846
-5.80805
-3.96363
-3.69139
-4.66947
-4.97770
-3.85266
-4.35774
-4.08119
-4.69676
-6.14456
-3.86655
-4.81576
-5.39117
-5.18795
-4.95799
-6.07801
-5.24779
-4.56348
-5.32477
-4.83221
-4.17469
-4.65044
-4.18721
-5.39443
-3.60176
-4.51108
-4.71205
-4.09641
-3.19426
-2.90979
-3.54594
-5.54277
-4.34617
-3.42139
-5.22405
-4.56069
-4.54272
-2.98133
-5.20940
-4.60632
-6.19178
-5.91687
-5.33610
-4.18066
-4.58325
-5.53145
-3.98053
-3.98901
-3.22861
-5.61988
-5.95897
-5.08422
-4.97295
-6.37347
-5.34384
-4.02032
-5.65945
-4.81913
-4.84274
-5.48106
-4.16742
-3.97460
-5.23211
-4.94919
-4.23040
-5.51587
-5.22556
-4.91880
-2.64458
-4.99601
-3.06353
-2.81398
-5.50980
-5.01642
-2.70361
-5.99004
-5.49031
-5.27756
-6.82806
-5.45791
-5.81868
-6.05866
-5.83687
-5.01000
-5.05808
-6.44016
-5.09540
-4.83662
-5.85133
-6.93148
-6.36741
-5.03043
-5.60664
-5.85107
-5.18259
-5.81314
-6.35451
-5.04360
-5.09507
-6.00397
-3.88497
-5.73084
