-10.7865
-17.3627
-16.3158
-15.5555
-20.2857
-13.6402
-16.5111
-16.7291
-18.2327
-19.4455
-19.4058
-17.5660
-2.7384
-19.2440
-11.4512
-19.4097
-17.2241
-16.4178
-19.2869
-13.5920
-2.4447
-19.4267
-13.9799
-13.8575
-13.6679
-16.7504
-17.5303
-15.7582
-20.1726
-7.8855
-11.5124
-12.7374
-17.7990
-13.1401
-15.0948
-13.2192
-15.3934
-12.9079
-10.7902
-1.7197
-11.5842
-6.0961
-10.7315
-12.9689
-6.3194
-8.1481
-13.2585
-14.9986
-3.2417
-8.8548
-9.2748
-9.9594
-10.3550
-12.8003
-16.1101
-9.9708
-3.8743
-8.3425
-9.6264
-7.7982
-14.9887
-2.8269
-8.0346
-9.1031
-13.8421
-14.9530
-11.5583
-10.8817
-13.0090
-11.6577
-3.8142
-15.4527
-15.9006
-17.0990
-15.9353
-10.2886
-10.2701
-11.9492
-11.4611
-5.2205
-14.5707
-14.1026
-17.3821
-7.1114
-11.0764
-12.3521
-11.1280
-9.7663
-11.0154
-10.4996
-12.8326
-8.9113
-8.6205
-10.0683
-15.5918
-11.3680
-9.9873
-15.3370
-12.0426
-7.8997
-12.9694
-11.5442
-6.6192
-11.0190
-16.6355
-13.7511
-16.5493
-14.7664
-14.0131
-12.6584
-11.3810
-12.1804
-7.7081
-10.3459
-9.1482
-6.3448
-9.0514
-6.4847
-9.7171
-7.7284
-14.0090
-14.3690
-15.9630
-16.0636
-10.2392
-14.6701
-15.6238
-10.1152
-10.0748
-16.2190
-7.6587
-15.3415
-15.7751
-7.6247
-5.7806
-11.0494
-10.9551
-11.7517
-2.8890
-2.4418
-13.3147
-13.1162
-13.7401
-9.0697
-11.1069
-10.6447
-11.5855
-18.0991
-14.9693
-10.3046
-19.3208
-11.7663
-11.3769
-12.3808
-10.1235
-12.0699
-10.4274
-13.1057
-7.9055
-14.1171
-15.7313
-12.4113
-17.6468
-13.7124
-11.6057
-6.5508
-12.1296
-15.6669
-13.4907
-11.2378
-11.8746
-11.3656
-16.8371
-12.6277
-6.1169
-7.2580
-13.6023
-6.6751
-17.3374
-16.7724
-14.8567
-7.8144
-11.7479
-17.5553
-11.9062
-8.8179
-4.5826
-9.9674
-11.2342
-13.3537
-7.8490
-11.5630
-14.5685
-14.3329
-11.5327
-11.1384
-13.9112
-9.1567
-13.8455
-13.3055
-6.9268
-12.5027
-17.2255
-11.6747
-12.8821
-1.7264
-12.1188
-15.5296
-2.7866
-11.5290
-9.4578
-12.2426
-13.1231
-12.6375
-11.4494
-11.6246
-8.9986
-9.7977
-11.8832
-16.5801
-8.1575
-8.8993
-10.2692
-12.7587
-11.6887
-11.2770
-6.6866
-14.0105
-10.4669
-11.6294
-16.3938
-13.3685
-9.6227
2.3469
-12.2629
-11.1932
-14.0832
-13.8545
-16.9065
-10.8397
-14.0054
-13.5786
-6.9214
-11.2929
-12.6869
-11.6865
-8.7961
-9.8805
-11.9605
-9.8179
-6.9931
-11.3677
-13.8922
-13.1074
-6.7449
-10.9710
-4.6209
-1.9717
-10.7535
-14.9664
-19.2476
-19.6242
-11.2868
-8.3523
-15.6188
-13.6794
-14.9113
-13.5858
-13.8788
-13.1665
-17.9318
-13.9876
-13.5702
-17.3469
-15.1936
-8.3825
-9.3682
-15.9457
-15.7378
-15.5473
-15.2045
-13.3713
-13.6891
-10.8128
-11.3526
-17.9779
-17.6218
-15.7202
-15.5409
-18.9684
-16.5481
-17.6114
-18.2506
-17.5038
-17.0452
-17.9369
-8.1848
-14.7299
-14.8136
-15.7723
-7.1537
-16.2263
-11.9016
-19.1469
-16.2003
-14.9913
-8.7232
-16.4928
-15.0464
-10.8031
-10.2370
-17.9563
-16.6112
-16.2190
-11.9408
-16.0849
-17.9854
-12.9478
-12.9541
-13.8809
-11.2685
-17.0695
-12.0099
-14.2738
-17.1106
-9.0611
-15.2280
-8.2715
-14.8883
-20.5659
-15.8184
-14.3726
-14.7697
-16.4887
-17.1020
-20.8868
-6.7748
-17.4235
-16.4610
-7.6251
-8.6750
-17.8509
-14.0972
-10.9860
-15.4471
-14.5019
-15.8095
-6.3739
-15.9580
-18.6104
-14.2892
-6.5897
-11.0546
-9.1407
-9.8738
-15.9798
-11.6783
-13.2569
-7.8292
-8.9805
-4.4539
-11.4063
-13.5067
-12.2097
-13.3999
-12.9744
-10.7999
-10.8548
-9.8119
-11.8133
-12.6479
-10.8982
-5.4409
-11.7259
-12.8553
-13.8310
-14.4999
-14.6349
-13.1247
-11.1224
-4.4252
-7.0553
-13.9605
-11.3858
-11.5128
-17.3703
-14.2432
-9.3404
-13.1124
-15.6567
-11.6047
-3.1956
-11.4057
-11.4433
-14.2907
-13.5279
-13.4112
-13.2560
-2.3912
-13.6219
-17.1915
-8.5584
-10.4483
-11.6002
-13.3453
-12.6051
-10.3088
-9.2251
-12.0210
-20.5674
-19.0362
-21.1362
-19.8383
-12.4068
-0.9812
-18.9084
-13.4294
-10.6353
-18.7674
-16.9939
-18.2537
-18.4081
-16.1541
-17.3333
-17.5488
-20.3557
-9.3541
-8.0325
-7.0667
-12.1980
-6.9595
-13.8866
-12.8497
-14.7453
-10.9219
-6.9335
-12.4583
-10.7985
-9.6677
-4.6881
-9.5653
-11.4177
-13.9060
-10.0505
-15.7619
-12.4045
-15.2560
-11.2471
-17.8071
-10.8701
-13.1108
-10.0914
-12.4291
-13.8886
-14.8338
-12.1769
-10.8726
-13.2360
-12.7264
-10.9440
-11.4310
-10.8714
-10.8449
-11.2425
-16.9444
-11.3602
-9.3801
-11.5277
-11.7084
-10.3659
-17.4800
-12.2537
-12.4351
-14.1573
-11.9627
-8.0563
-10.8369
-7.3845
-14.9836
-10.7217
-15.6091
-9.5098
-9.6069
-9.6372
-15.5852
-16.3584
-12.5164
-13.0413
-9.2709
-13.5379
-10.5048
-16.4311
-17.0703
-14.4812
-19.3462
-13.1874
-14.8954
-19.4716
0.0456
-8.3186
-7.4159
-18.2562
-19.6822
-9.9874
-17.1704
-17.8004
-10.8457
-16.8860
-15.8027
-18.2099
-16.9362
-11.0060
-12.9717
-3.3626
-11.5486
-13.1723
-14.4393
-5.2303
-7.2428
-5.5936
-11.2290
-13.2320
-13.7384
-9.5864
-18.2987
-10.8420
-15.0213
-16.5153
-13.4699
-16.6261
-18.8247
-15.9278
-11.6339
-5.2690
-15.8297
-15.8508
-14.4755
-14.6916
-16.6410
-13.9280
-12.1718
-12.4244
-13.6089
-14.2682
-13.0286
-0.5892
-15.5042
-14.6331
-12.4793
2.5720
-18.9010
-12.9375
-9.0830
-4.9655
-11.2651
-12.3605
-11.7162
-11.3170
-6.8797
-1.9069
-10.8475
-4.5397
-4.1433
-15.1527
-12.2244
-12.4420
-13.1412
-9.4891
-7.0775
-12.0578
-12.3964
-6.0794
-4.4860
-2.4484
-13.0964
-10.2640
-10.5908
-12.9925
-12.1449
-13.0648
-11.6119
-10.1251
-8.0187
-6.8480
-12.3526
-11.8120
-15.1536
-15.2133
-11.6687
-13.3906
-10.4596
-10.2726
-13.8716
-13.8034
-14.7867
-12.8676
-14.5801
-13.0733
-9.8494
-4.7463
-9.8378
-9.6215
-14.2688
-6.0215
-10.9115
-15.1276
-11.5008
-7.7296
-9.4735
-10.1682
-9.5164
-12.9218
-10.8443
-12.8956
-3.9267
-1.0085
-10.2082
-11.0586
-11.9855
-11.9821
-0.6184
-14.3690
-14.7972
-8.5010
-15.5126
-7.4645
-14.8427
-16.3789
1.3047
-0.6354
-7.9005
-15.1839
-11.8217
-5.3118
-12.0992
-15.5266
-13.5338
-6.0674
-12.4609
-9.0511
-16.4720
-11.4785
-19.1197
-15.6603
-10.2641
-17.7153
-10.9620
-12.8233
-15.2624
-15.6553
-17.5569
-16.2492
-4.2110
-1.0349
-18.2982
-18.6779
-15.9268
-6.6716
-6.9564
-9.2780
-5.0569
-7.5063
-10.1023
-9.7211
-7.9888
-11.6998
-11.4616
-10.3152
-11.1374
-3.0064
-6.0745
-8.5147
-10.4710
-8.7983
-11.5753
-10.1274
-7.3474
-12.2956
-10.5815
-6.2656
-10.5980
-9.6311
-9.1964
-8.0737
-11.9619
-14.3962
-11.3913
-11.3573
-6.6434
-11.5238
-9.0010
-16.2059
-8.1192
-8.5926
-5.5142
-11.8848
-9.1230
-9.5235
-10.8638
-11.3461
-8.3071
-5.4918
-6.5833
-6.3728
-12.3477
-3.8150
-8.4339
-15.9729
-7.5639
-9.7198
0.8460
-11.2026
-13.5013
-17.2370
-13.3500
-16.1670
-14.3506
-12.7361
-15.3328
-13.9328
-13.0941
-11.8067
-14.4034
-14.5159
-18.7245
-12.5749
-11.6466
-6.9316
-6.9393
-8.9257
-14.6625
-11.5108
-16.8986
-8.3709
-9.3511
-11.2883
-13.9854
-15.7077
-15.2437
-15.9593
-11.7784
-12.2268
-13.2555
-14.4746
-9.1166
-14.0632
-17.3834
-14.7377
-14.9476
-16.9316
-16.9197
-17.1738
-12.4673
-15.3838
-7.2035
-9.5955
-11.1991
-4.3908
-9.4550
-12.7095
-8.7238
-14.4208
-16.8209
-15.1185
-9.9887
-11.9394
-12.7393
-14.3584
-9.7584
-9.6149
-6.1727
-7.9008
-12.1297
-10.9595
-13.3476
-8.0559
-7.7251
-10.1757
-12.1610
-11.1317
-11.3095
-2.3642
-5.1484
-14.2061
-13.8544
-10.0290
-6.2549
-20.6590
-20.3463
-17.9153
-10.4910
-8.7179
-9.8227
-5.1810
-8.2816
-6.9443
-7.0203
-9.4164
-14.5675
-16.2290
-17.6775
-11.2122
-10.5629
-14.0502
-13.8265
-9.9542
-18.5373
-15.5253
-13.0179
-13.0098
-13.2585
-13.2992
-19.2295
-20.4228
-9.2483
-18.9992
-15.5115
-14.0584
-18.6318
-16.8882
-17.7793
-10.7101
-18.3381
-11.2633
-21.2313
-19.8245
-8.3889
-9.3523
-11.3505
-12.9648
-9.8748
-9.6158
-19.3523
-17.6019
-14.6587
-14.4871
-12.5723
-12.5296
-17.6484
-13.7790
-6.8377
-9.6707
-13.5300
-7.9778
-11.6999
-16.4754
-16.2985
-0.8835
-14.0660
-13.4270
-15.6192
-15.4927
-14.1194
-12.4236
-11.8119
-11.6419
-12.9680
-10.9152
-12.8191
-11.7649
-13.9695
-6.8927
-10.0283
-12.2621
-14.0995
-14.8744
-2.7101
-13.5930
-14.0709
-0.3917
-3.4842
-15.5074
-14.4193
-17.8290
-4.7430
-19.6892
-7.7953
-14.0691
-16.7579
-17.2471
-11.6910
-11.6501
-11.6243
-5.4749
-18.2594
-18.9562
-16.0275
-14.3588
-14.6996
-14.2487
-15.2831
-15.2489
-10.5739
-14.2109
-5.6313
-12.9439
-6.1654
-16.7866
-10.5652
-12.0934
-10.4206
-2.7059
-16.4252
-12.3410
-12.9068
-9.7759
-7.6629
-15.1855
-16.9647
-13.6125
-14.2132
-9.2343
-12.1266
-15.3159
-14.4468
-17.3880
-17.5928
-14.1108
-18.6556
-13.5801
-13.3788
-17.6821
-11.0805
-14.6030
-13.0293
-15.7304
-15.3813
-15.9837
-6.8124
-13.9507
-10.5915
-14.1431
-15.5850
-14.1086
-8.3104
-15.9437
-15.1182
-15.8499
-12.3832
-17.8733
-18.4874
-18.0943
-13.6990
-15.4634
-14.8826
-2.8484
-14.4240
-14.4119
-16.3676
-13.1152
-16.5307
-15.4761
-10.9818
-15.3163
-7.6271
-13.1920
-9.7090
-18.3650
-17.5202
-18.8678
-18.2343
-18.1354
-14.8493
-13.7189
-14.4367
-13.6068
-13.0615
-15.3099
-16.3593
-13.2606
-4.5626
-12.8879
-12.5566
-13.9076
-13.3918
-13.7041
-14.1406
-16.3866
-15.1036
-15.1793
-16.7318
-13.3179
-14.5238
-12.7546
-15.3409
-15.8613
-16.2460
-14.6530
-12.5253
-14.5591
-10.9781
-20.1836
-15.5598
-12.0666
-15.0063
-13.3476
-12.4196
-16.1882
-10.0168
-14.8176
-14.7898
-13.0237
-18.3137
-10.6383
-11.9196
-12.0846
-2.9046
-14.3189
-7.6477
-6.6349
-15.8996
-8.4586
-14.7544
-15.9752
-15.7538
-18.6813
-18.5486
-17.1069
-12.7125
-19.6295
-13.1867
-6.3768
-10.2375
-16.5292
-16.9219
-11.0991
-13.1740
-15.1601
-14.1070
-16.9592
-14.7101
-14.2630
-12.5219
-14.8267
-15.5317
-9.8817
-12.0821
-14.3866
-16.7103
-14.1467
-12.6967
-13.3028
-4.7405
-15.9279
-8.6139
-11.7710
-11.1355
-14.1899
-9.4465
-11.2341
-1.2419
-12.7210
-16.5568
-13.8338
-13.6090
-10.6452
-10.3399
-19.2698
-18.2239
-15.4318
-16.8083
-16.5154
-15.9635
-20.5226
-6.2649
-15.7289
-18.5407
-17.2614
-16.1639
-19.6687
-17.7586
-16.6095
-16.4395
-19.5658
-12.8304
-17.2879
-9.6864
-18.6050
-17.5945
-13.2730
-13.1477
-12.3496
-12.7193
-9.8974
-15.6551
-16.6046
-18.1244
-18.7797
-17.7678
-17.8258
-13.9038
-16.2197
-14.7111
-16.9920
-14.0469
-13.9866
-16.9463
-17.0868
-16.6954
-16.3267
-15.5259
-12.5807
-10.7655
-13.8374
-19.4209
-15.1033
-18.2302
-13.6077
-13.1908
-14.8739
-10.1840
-16.5370
-18.7384
-14.4460
-14.6834
-18.3065
-15.2536
-11.3289
-13.4306
-16.5025
-20.3011
-12.7502
-16.3362
-18.6247
-15.9619
-11.8229
-15.6231
-18.5708
-16.3645
-13.5477
-15.3206
-12.7589
-11.2945
-18.0198
-11.6305
-11.6890
-13.8676
-14.5933
-14.3097
-15.9464
-12.2507
-13.2958
-14.2617
-10.2551
-19.8738
-16.4624
-12.3205
-8.9800
-12.3747
-12.1999
-14.7319
-12.6005
-14.3233
-11.9357
-11.1028
-8.5223
-12.0309
-10.0470
-12.9031
-13.1596
-13.4951
-14.1073
-13.1403
-17.4991
-5.0070
-15.9018
-18.5815
-19.7354
-17.0422
-7.4834
-3.7099
-6.6639
-16.4202
-6.5618
-17.3768
-16.0544
2.8354
-16.6478
-18.9033
-17.8973
-9.0194
-17.2069
-17.7580
-14.5320
-16.9033
-10.3420
-18.1023
-15.0576
-12.3563
-16.1533
-10.7510
-5.7900
-8.5920
-9.9786
-13.1300
1.1273
-0.6579
-0.5531
-10.3273
-4.4500
-6.1154
-11.5017
-8.6187
-12.6147
-10.7118
-11.4682
-6.9969
-10.1085
-9.0771
-4.5303
-10.0404
-7.9384
-11.6631
-12.7091
-7.5862
-9.7914
-10.4989
-2.2800
-9.1272
-7.1963
-12.2227
-8.7430
-11.8058
-14.2755
-10.5770
-5.2004
-8.7086
-9.5111
-7.0449
-11.2013
-13.0618
-0.1617
-13.1351
-7.8965
-11.7134
-10.9276
-15.4147
-19.1873
-15.1732
-18.4650
-18.2422
-17.8260
-15.4264
-15.8675
-16.4947
-15.4752
-12.3604
-14.8596
-17.1723
-17.4830
-16.0708
-15.6238
-15.7236
-14.2529
-15.7214
-11.8956
-14.5351
-12.7605
-15.1954
-10.8073
-11.5327
-13.6871
-6.3898
-12.6333
-1.9984
-18.3671
-13.4750
-14.8805
-14.9727
-8.5841
-15.7809
-12.0019
-13.4548
-13.0882
-14.0234
-15.0188
-12.2184
-3.2291
-12.8592
-13.1371
-8.7510
-11.2706
-7.6276
-11.8503
-10.8610
-10.4721
-7.3485
-8.7007
-10.2041
-9.0225
-13.4786
-10.7848
-11.2558
-9.2261
-9.3077
-7.5451
-15.6337
-11.0365
-11.3164
-11.1422
-9.2569
-9.9387
-11.2303
-12.5555
-10.1783
-15.4031
-11.2451
-9.1299
-9.0094
-12.2891
-12.4943
-10.2345
-15.1743
-13.3757
-8.4344
-7.4416
-8.1134
-6.9069
-8.7369
-9.6460
-3.2086
-12.9665
-9.0527
-9.2383
-10.0620
-10.7632
-13.6166
-8.3192
-13.5328
-11.5801
0.7023
-11.2488
-13.6013
-16.7040
-17.9136
-18.7017
-13.0950
-5.4241
-15.1049
-15.5031
-5.9627
-6.4875
-14.0306
-5.6392
-12.3941
-12.5998
-4.8861
-1.7568
-16.8637
-13.4831
-17.4467
-10.2261
-15.5814
-19.2755
-15.5374
-11.7112
-15.4310
-10.5381
-15.2887
-17.7710
-9.6891
-17.8734
-17.1804
-14.9529
-2.7586
-11.3522
-6.2729
-7.7062
-8.9621
-15.1374
-12.1031
-7.2701
-5.8970
-8.2913
-5.6481
-11.2036
-9.7537
-9.3501
-11.5019
-9.2432
-1.9513
-11.7295
-11.7126
-12.2337
-11.9972
-9.9638
-15.0439
-14.4268
-10.2667
-16.1267
-10.2780
-8.2531
-11.2592
-11.6709
-13.0400
-11.0103
-9.0259
-8.0184
-12.2747
-15.2744
-11.5612
-8.7468
-14.4788
-12.7283
-10.4340
-12.7667
-13.1205
-10.4670
-4.4245
-13.6394
-12.1696
-5.0081
-0.7570
-10.6485
-3.3654
-7.4501
-9.5891
-8.2703
-3.8676
-10.9380
-9.9957
-9.5833
-12.3377
-9.1500
-10.1378
-6.4254
-8.3410
-8.8013
-11.2004
-13.4931
-8.6520
-10.6373
-8.4361
-8.5252
-9.8928
-11.8614
-9.9101
-2.9510
-13.2339
-11.9425
-8.6396
-8.2018
-16.3135
-10.3708
-9.5196
-15.3078
-9.7384
-12.5777
-9.2392
-12.0818
-3.8281
-6.5524
-8.5492
-8.9722
-9.5983
-4.6797
-15.0540
-9.1494
-13.9895
-11.0190
-5.2611
-10.8303
-3.5847
-7.5296
-8.9808
-10.8075
-8.3969
-10.6528
-9.6081
-11.0877
-11.6467
-13.3446
-12.8068
-13.5476
-12.8095
-12.4512
-9.9227
-8.6112
-11.1828
-12.3217
-14.3838
-11.7094
-13.1388
-13.9143
-12.8157
-11.0231
-11.7649
-9.0268
-8.7927
-6.6509
-5.5906
-10.0344
-10.5851
-9.4471
-13.3824
-11.1986
-11.6810
-12.8274
-11.6565
-15.3210
-9.6515
-8.4341
-4.8664
-7.6975
-4.7925
-9.9031
-12.3332
-8.4357
-7.0486
-4.1931
-5.4990
-9.8373
-8.6243
-5.4993
-3.7831
-12.8852
-10.8796
-7.0386
-2.0711
-6.4550
-8.8147
-2.9700
-4.0905
-14.1351
-13.6762
-11.0186
-5.6948
-5.3001
-14.5309
-4.6998
-15.3071
-10.7665
-15.8138
-7.9084
-5.2520
-7.4907
-8.4547
-7.8640
-4.3521
-13.7221
-11.8898
-3.1546
-16.4757
-13.3442
-7.5764
-12.2822
-5.5629
-8.6707
-8.3479
-8.2592
-10.7650
-14.6380
-11.7556
-13.2488
-11.2783
-13.2912
-8.9701
-10.5512
-14.9332
-11.8921
-16.6560
-9.0796
-6.4897
-10.9600
-14.5188
-17.0395
-14.7919
-12.5444
-15.4335
-9.2994
-13.1535
-11.7684
-11.5841
-10.7034
-8.9705
-17.5274
-17.1959
-10.5604
-13.9773
-17.7447
-17.2954
-15.3744
-18.3800
-11.6015
-10.3021
-12.5303
-11.4041
-16.4387
-13.9510
-15.2065
-16.7867
-9.2398
-11.6298
-12.5416
-10.3779
-7.7563
-9.2100
-13.1334
-12.3645
-15.2958
-15.0015
-15.3066
-7.1682
-13.1873
-12.0968
-13.9267
-11.2253
-8.9416
-14.4321
-12.7241
-12.2333
-14.6970
-18.2320
-10.3440
-10.8688
-13.9117
-16.0198
-15.3873
-10.8520
-19.0632
-17.8811
-13.8090
-10.9260
-13.2741
-17.1471
-13.7112
-15.9688
-13.3988
-17.3346
-13.6089
-13.0987
-13.5971
-13.8727
-19.2960
-14.6886
-11.8803
-12.4102
-16.0510
-15.0962
-17.3514
-17.0922
-13.0748
-13.2220
-18.3202
-6.7025
-12.0306
-14.8624
-15.2302
-11.7665
-17.5075
-11.0896
-10.6434
-10.0106
-8.1559
-17.4308
-12.0271
-15.6639
-12.0346
-14.7754
-17.4863
-11.7072
-18.8659
-18.9188
-16.5880
-17.3709
-17.3378
-12.0889
-11.1414
-16.9521
-13.9760
-16.1447
-14.0116
-17.1166
-15.9001
-14.1007
-18.7327
-13.3095
-11.2091
-15.9679
-16.7362
-17.2894
-17.0423
-17.9232
-17.8979
-17.8980
-17.1155
-14.2036
-15.2619
-8.8194
-17.1879
-14.0168
-9.1415
-8.9696
-15.0495
-11.6774
-14.5318
-14.3228
-13.4267
-19.2521
-15.3863
-16.7815
-11.3430
-6.7171
-15.8200
-8.6225
-7.9694
-7.2229
-9.8421
-12.0827
-19.5957
-12.4359
-13.0266
-15.1178
-15.0717
-15.4550
-16.6887
-15.1109
-14.3248
-15.8750
-14.6489
-4.0102
-13.8054
-16.0449
-14.4308
-14.0768
-17.1509
-15.4955
-14.7435
-12.9619
-3.2188
-12.9098
-13.3933
-11.3159
-17.2885
-16.2458
-19.9626
-16.9850
-8.9054
-16.2763
-17.3947
-18.2091
-14.5013
-11.2247
-16.0542
-13.8996
-10.2774
-11.3100
-10.7628
-11.7178
-12.6738
-13.6356
-7.3471
-19.1788
-16.9226
-11.4820
-11.8504
-12.4658
-15.2524
-12.5918
-12.6918
-11.3756
-13.8294
-9.9976
-18.8357
-17.0276
-16.8293
-14.2879
-12.1502
-14.4078
-19.3740
-9.9903
-17.5742
-12.0905
-11.3042
-9.8595
-15.0851
-16.9847
-14.9959
-16.4362
-9.4293
-18.5742
-12.5465
-11.5944
-13.5402
-17.1272
-13.1834
-19.8876
-9.5118
-16.6275
-19.5513
-11.9573
-13.7660
-20.0234
-13.3347
-17.2349
-6.6930
-13.6890
-6.7327
-14.6334
-13.7786
-14.0763
-14.6549
-11.4919
-14.2604
-8.9455
-14.5977
-17.8337
-7.6141
-14.5320
-1.7320
-16.0462
-18.2479
-9.3880
-9.4891
-12.2218
-12.6547
-14.1737
-13.9287
-19.2797
-16.3750
-16.4265
-6.7592
-15.4858
-14.6746
-16.0399
-17.0826
-17.7228
-8.3177
-11.5129
-18.5546
-3.9522
-9.6701
-12.4538
-12.6080
-13.9399
-8.7998
-10.6734
-9.8968
-8.9524
-9.5538
-11.3173
-3.3662
-9.6556
-13.6890
-11.3397
-14.4951
-11.1381
-11.9451
-14.4941
-8.7422
-19.3305
-10.5249
-13.9783
-11.9980
-13.8772
-15.7565
-13.7730
-14.2989
-10.3430
-12.8010
-16.2676
-16.8769
-13.0112
-11.7273
-15.8626
-17.7146
-16.0120
-10.4654
-19.8782
-13.4799
-17.0785
-9.8589
-13.3182
-17.1362
-16.1679
-17.1083
-13.1446
-13.4911
-17.2013
-13.7254
-15.0931
-11.6687
-13.3077
-16.9242
-12.8457
-11.2117
-11.8460
-13.3919
-13.7544
-14.6550
-12.9965
-12.5449
-14.5164
-11.8381
-9.3992
-14.8946
-14.8181
-13.5939
-20.1720
-13.8929
-12.3179
-10.4929
-9.0805
-7.1921
-17.4687
-16.5009
-13.9992
-15.7521
-18.0863
-16.2081
-19.8817
-15.5630
-15.6713
-13.5769
-12.2767
-12.1008
-13.2298
-12.0419
-12.8588
-19.8529
-14.1065
-12.2942
-13.1332
-13.1558
-11.2020
-8.3810
-11.2106
-15.6032
-12.8689
-14.5244
-8.8532
-11.0206
-10.5549
-12.3289
-12.0729
-14.1815
-10.5309
-11.0654
-12.8358
-14.0283
-9.6652
-14.2312
-13.0415
-11.7787
-12.9759
-14.9426
-14.2520
-10.6789
-7.5811
-11.2220
-13.4235
-17.1647
-14.5956
-14.5002
-14.5874
-20.3608
-16.1386
-15.0235
-15.4514
-11.4825
-10.3984
-11.6559
-9.8634
-13.7963
-10.8655
-13.2284
-16.6283
-17.2303
-13.9212
-11.5898
-14.1436
-12.1077
-16.3717
-15.4938
-16.0706
-14.7484
-13.3120
-17.8490
-8.2609
-9.5312
-13.1394
-9.0057
-12.7788
-8.1308
-11.3016
-11.2665
-9.0077
-9.5384
-8.5878
-8.2124
-6.3007
-9.8142
-6.8633
-10.2325
-7.2424
-11.7535
-8.5929
-5.7779
-12.2274
-11.9380
-8.3572
-7.8304
-10.6359
-6.7331
-15.4243
-10.0784
-11.5951
-13.6490
-11.2885
-3.4918
-11.4631
-12.8240
-10.7684
-10.2483
-8.7419
-10.8508
-10.0337
-11.5387
-9.6879
-13.9512
-16.3501
-15.9656
-10.3635
-9.0265
-14.1871
-4.2929
-13.5068
-7.0389
-7.4187
-10.9602
-14.7120
-11.3252
-14.1535
-11.0570
-9.0347
-13.2220
-10.5419
-10.5538
-9.5656
-10.6434
-13.7984
-7.3272
-12.8743
-12.0056
-12.4419
-17.2781
-5.9494
-8.2125
-15.4053
-16.4249
-15.9163
-16.4104
-18.5185
-15.4017
-10.2864
-11.9623
-18.2079
-8.8669
-9.2666
-18.0319
-18.6395
-21.1721
-17.4563
-16.4435
-18.2708
-18.4330
-18.5599
-19.2891
-19.9826
-17.2284
-14.9476
-19.5359
-16.2649
-15.4845
-8.1145
-9.8926
-7.6415
-8.1739
-7.9979
-12.2295
-11.6767
-21.2419
-17.1283
-6.4055
-10.7666
-17.0904
-18.3553
-16.9861
-18.4765
-14.1809
-13.0225
-14.1196
-19.7606
-16.3414
-11.8515
-16.2730
-16.9466
-17.9786
-18.2407
-15.5018
-1.7903
-3.5898
-14.7478
-11.7462
-12.1667
-12.5469
-12.2469
4.0661
-7.7755
-11.7702
-15.2000
-12.8606
-13.3210
-10.1582
-16.7561
-15.5042
-10.5310
-14.7782
-11.5447
-12.6928
-10.7067
-11.2986
-15.5972
-5.2444
-14.8373
-8.9610
-15.7837
-7.9446
-9.4261
-15.1206
-15.1197
-14.2086
-18.1439
-5.4915
-5.2457
-17.9324
-13.5122
-14.6299
-15.8541
-16.6713
-17.9378
-15.3474
-6.1574
-17.8102
-12.6788
-14.0592
-10.8758
-18.3590
-11.7820
-12.6216
-17.1210
-13.4105
-8.0336
-11.7827
-16.1667
-11.1221
-20.0060
-16.8680
-15.8942
-16.2917
-17.2351
-16.0679
-15.1627
-16.0980
-15.4727
-15.2896
-15.5382
-18.4632
-14.7405
-13.9327
-17.2015
-16.2678
-15.8973
-14.9163
-9.6905
-13.4085
-14.2092
-6.6966
-15.1934
-9.6071
-19.0613
-16.0236
-14.4203
-16.0381
-5.8891
-11.6819
-12.0975
-11.8150
-15.1706
-7.7759
-3.3068
-19.9224
-12.9633
-10.5680
-18.5295
-16.6085
-12.2182
-14.5250
-19.4554
-10.3590
-14.3635
-4.9972
-14.2749
-4.5914
-8.2281
-16.1299
-20.4162
-8.7911
-12.3519
-12.5399
-12.3137
-14.6048
-10.3887
-15.2885
-13.3340
-14.7098
-12.7379
-16.1415
-16.5439
-14.3280
-17.4608
-13.7299
-13.4117
-15.3246
-8.7612
-10.5887
-9.0938
-12.2358
-13.1395
-17.8857
-11.6745
-11.1776
-14.2767
-16.9862
-15.7130
-17.7115
-15.2633
-11.1728
-14.0677
-13.5733
-15.9333
-15.0502
-10.3194
-11.6097
-12.4422
-12.4188
-15.0543
-11.8511
-10.5829
-13.1091
-11.1639
-13.6146
-8.9155
-18.5198
-14.9216
-14.4989
-15.9502
-13.5717
-3.0842
2.3556
-12.4357
-7.8113
-12.7846
-10.1963
-15.7415
-12.4170
-6.5051
-12.9606
-10.6243
-12.9438
-13.3398
-14.4690
-12.6332
-11.0860
-17.9933
-7.6342
-18.4790
-11.1625
-13.4706
-16.5097
-14.1217
-10.9420
-6.9881
-13.7073
-13.6433
-14.4525
-13.6678
-11.1197
-11.4195
-12.4405
-15.7300
-12.4915
-13.6597
-14.0629
-13.4811
-11.2180
-17.3553
-13.3927
-13.3973
-11.4287
-13.2495
-12.9677
-14.1967
-12.2138
-15.6589
-12.0749
-10.3478
-16.4773
-12.6465
-16.3235
-11.5895
-15.5314
-8.7032
-9.3208
-14.1680
-15.1802
-12.6046
-11.5539
-14.9745
-10.7903
-16.6933
-11.6004
-8.0930
-10.6991
-5.5391
-16.1832
-10.1792
-12.7852
-3.3544
-8.0294
-10.8667
-15.1299
-17.1943
-12.6039
-20.2410
-15.0370
-15.0977
-18.2500
-18.3576
-16.6194
-15.4573
-17.8783
-15.4303
-14.3951
-17.1501
-7.7838
-17.8985
-15.6178
-14.1377
-12.0987
-15.9839
-14.2373
-11.2613
-13.8335
-16.9045
-8.9181
-5.7270
-14.3582
-10.4529
-8.0344
-15.9656
-15.8360
-14.6023
-12.3093
-10.2857
-15.6866
-15.4084
-13.8377
-18.0854
-12.7033
-10.7035
-13.1923
-11.9417
-10.4842
-20.1365
-14.8895
-16.1040
-15.6052
-16.7739
-14.6331
-11.7029
-12.3484
-13.8951
-14.6295
-15.5282
-18.4153
-11.2431
-16.1079
-17.3190
-14.6252
-18.8080
-16.6456
-18.7432
-9.7763
-18.3769
-5.2962
-12.9255
-19.8933
-10.5731
-12.0151
-14.5490
-12.4729
-14.5580
-11.6277
-14.8420
-9.3212
-11.5158
-6.1408
-11.1084
-11.2868
-10.9136
-11.5867
-12.0100
-13.0517
-12.7662
-14.9530
-11.3087
-12.2428
-17.5658
-9.4477
-10.8995
-14.8696
-13.0949
-12.7839
-13.5598
-11.7268
-13.7219
-8.7722
-10.2037
-7.5506
-10.3955
-10.7806
-13.7039
-9.4621
-11.5294
-10.9153
-11.0217
-12.3762
-9.3135
-11.8325
-14.0235
-14.9792
-7.6883
-10.6385
-15.1346
-8.5461
-11.1266
-10.6533
-11.5275
-8.6774
-16.0777
-12.5549
-13.0804
-10.5048
-14.8504
-10.5636
-13.5859
-8.0926
-12.4039
-5.5751
-11.4940
-11.9418
-12.6983
-13.0152
-11.2025
-11.1978
-13.3440
-9.8655
-11.4352
-10.8530
-10.7527
-12.9245
-11.9311
-17.8304
-11.1353
-8.8826
-12.4133
-13.1895
-11.1390
-11.2235
-11.8128
-9.5870
-9.8195
-13.0359
-13.4106
-12.3238
-9.6200
-11.6109
-15.6627
-11.0055
-11.5662
-15.1171
-12.7162
-11.8529
-10.8765
-15.1998
-13.8110
-8.8422
-8.6894
-12.1704
-4.6745
-7.8956
-10.5336
-10.8202
-9.9114
-6.9369
-9.2716
-6.9567
-4.3882
-6.7104
-4.3436
-9.0058
-9.0092
-8.5555
-9.8994
-5.3693
-13.2397
-4.4898
-8.2273
-10.8435
-9.2601
-10.0237
-9.4224
-8.2402
-9.9581
-6.9313
-5.7826
-8.9151
-11.9603
-13.8415
-8.9929
-8.8924
-10.6200
-10.3654
-11.8770
-10.5256
-10.1392
-5.2540
-6.7149
-7.1493
-4.8153
-16.4510
-4.7622
-12.3048
-6.2223
-10.5890
-10.3807
-15.3174
-16.5360
-12.0895
-14.0052
-15.8992
-8.2717
-11.6577
-12.0507
-6.5347
-13.4965
-15.5865
-17.8353
-16.1337
-16.2610
-19.2473
-13.8813
-10.4341
-11.1155
-16.2203
-13.4604
-16.2183
-12.1934
-12.5814
-9.0153
-7.4227
-14.0858
-15.8831
-12.5008
-15.7727
-14.7422
-10.7807
-13.5288
-11.4652
-15.9844
-16.6517
-8.8872
-16.0488
-16.7028
-16.7754
-16.5034
-17.7917
-16.7054
-14.2531
-13.7004
-7.6754
-11.8131
-7.6904
-13.8934
-12.9466
-5.9838
-10.2817
-15.9058
-16.5169
-10.6870
-10.9563
-10.6299
-9.4899
-10.6158
-5.9097
-10.5162
-6.6312
-17.6495
-8.5541
-9.2920
-9.2812
-8.9818
-10.4801
-7.7634
-13.1643
-14.2116
-13.6148
-8.1783
-11.4479
-10.2630
-9.1818
-18.6413
-15.5829
-16.9466
-16.0669
-10.6579
-14.7826
-9.5700
-16.3421
-18.8650
-15.5967
-15.8200
-9.0286
-12.8751
-12.6585
-7.8188
-7.3159
-8.3283
-9.8852
-8.9276
-11.8352
-14.3592
-13.9128
-10.7343
-15.4895
-11.3075
-13.1920
-13.9424
-13.8752
-12.4989
-10.1234
-12.9176
-17.3266
-15.4122
-10.5398
-8.9797
-13.7327
-19.4576
-11.6703
-12.5329
-11.0585
-18.2265
-14.3860
-16.0088
-16.5988
-11.6897
-11.3861
-8.7615
-17.2975
-4.5594
-16.1872
-15.7597
-14.0411
-14.9566
-19.9863
-13.6213
-10.9516
-10.3736
-11.3113
-15.3493
-15.2980
-9.6736
-13.3106
-14.0842
-16.8230
-11.9071
-15.1965
-7.2004
-8.9806
-18.1761
-11.0337
-17.4824
-16.5965
-12.3836
-10.0137
-8.7997
-12.4664
-3.1955
-11.7805
-16.2110
-17.3661
-11.1344
-13.9769
-12.1682
-12.6113
-11.5354
-11.4585
-10.4127
-15.6861
-16.1433
-12.8451
-14.7866
-10.1644
-14.5255
-13.5563
-12.1655
-10.1066
-11.6876
-6.8162
-11.3072
-11.5007
-11.9928
-9.5834
-13.4075
-13.5382
-12.5009
-14.3615
-14.1888
-14.2540
-11.7824
-12.1623
-12.7280
-13.3178
-12.3098
-13.7732
-13.7874
-14.0712
-15.1535
-11.9636
-9.6750
-7.0227
-10.9910
-11.3329
-11.6303
-4.1390
-11.2935
-12.6825
-2.7435
-12.2007
-14.7564
-12.5527
-16.6624
-10.5702
-12.1704
-11.1317
-14.7229
-10.6431
-10.7055
-11.9017
-13.4082
-12.8075
-10.5124
-15.2704
-16.2315
-12.8426
-15.6537
-13.3047
-10.3830
-8.8212
-16.5349
-16.8308
-16.7227
-12.6778
-12.5535
-15.0477
-4.8787
-13.8483
-11.9589
-12.6301
-11.8495
-16.7418
-14.6886
-13.2039
-14.1215
-11.5771
-6.3961
-13.0071
-16.1462
-10.1144
-9.9564
-10.8925
-2.5688
-8.1731
-13.0713
-10.7220
-7.7832
-4.6464
-5.0496
-9.6012
-7.5908
-11.1107
-8.5420
-10.4453
-11.9294
-13.3451
-8.4772
-8.3671
-8.3519
-11.1983
-11.1818
-13.9573
-15.6515
-13.4475
-5.7183
-8.7607
-10.2832
-15.3925
-13.7566
-8.6466
-10.3841
-6.4685
-9.4873
-14.9373
-13.4714
-9.5140
-11.8354
-13.3078
-9.9758
-8.0038
-8.1623
-9.1861
-11.4791
-9.4204
-7.3219
-9.1769
-7.6671
-9.4696
-14.5605
-11.9615
-11.3559
-7.1332
-8.1364
-9.0786
-11.9930
-9.6593
-5.5120
-11.5189
-15.6963
-13.3981
-12.6395
-18.8169
-12.8455
-9.4028
-13.1744
-10.9511
-13.0375
-14.0260
-10.9509
-17.9042
-12.2481
-11.7812
-9.5076
-5.4443
-14.1765
-15.8578
-15.0637
-15.5505
-14.4165
-15.2515
-16.8596
-18.4512
-4.0579
-16.9955
-11.3092
-16.4238
-15.6876
-13.4969
-15.4466
-11.7441
-16.5989
-15.0133
-10.4765
-13.2304
-13.1449
-17.4064
-11.2374
-13.7189
-14.8276
-14.2343
-4.8117
-18.7687
-10.9683
-3.5015
-2.9582
-12.4679
-8.5964
-22.8275
-15.8883
-13.7373
-18.9305
-15.5966
-13.3973
-18.5278
-15.4467
-15.1025
-19.9740
-8.8318
-14.5152
-18.0739
-9.8972
-15.4529
-15.3203
-13.4509
-15.6650
-8.9994
-19.7170
-13.3198
-10.7163
-10.3734
-13.0991
-7.1636
-11.6750
-10.4669
-9.3208
-11.8127
-13.5700
-17.9648
-13.3075
-8.3961
-10.0578
-11.0361
-16.3921
-8.7094
-7.1876
-14.3897
-12.6780
-10.8660
-14.2505
-10.7631
-13.1661
-17.6708
-13.3032
-0.8051
-7.1639
-11.9695
-7.7178
-16.9735
-15.9814
-9.7601
-7.2094
-11.9065
-10.3089
-15.2953
-15.4269
-14.6080
-16.0487
-17.3394
-16.3744
-13.7025
-7.8311
-8.7409
-17.0967
-15.6216
-12.2390
-5.8450
-12.1205
-12.3057
-12.2937
-14.0534
-9.1151
-13.0747
-10.0690
-11.3048
-3.2843
-13.7100
-6.7902
-11.7943
-16.2304
-16.5971
-13.2130
-16.4676
-14.4482
-15.0109
-17.6972
-6.8976
-15.8338
-5.9098
-13.2687
-12.3474
-8.2809
-15.3205
-12.2860
-16.4071
-15.9024
-15.5562
-14.0129
-13.1563
-14.8679
-14.9722
-15.2962
-16.0354
-16.1736
-9.4909
-12.9030
-14.1122
-14.1775
-14.9102
-15.8400
-11.7474
-13.6685
0.4719
-9.6121
-17.1717
-0.1077
-15.4896
-11.5972
-1.6332
-12.7470
-16.9473
-14.7064
-9.2394
-11.7617
-15.4269
-6.3193
-8.3843
-6.5247
-17.0729
-17.0396
-13.4332
-16.7657
2.5480
-14.4725
-16.5705
-3.9658
-13.6653
-15.1965
-15.6892
-14.3643
-12.0927
-15.1048
-14.5296
-14.3042
-18.0472
-14.7049
-19.0143
-18.1286
-12.0035
-19.4870
-13.8863
-13.6279
-14.2440
-16.7442
-16.6847
-16.9907
-15.7708
-16.3820
-16.9580
-8.4261
-1.8513
-13.6833
-14.1705
-12.9340
-9.2468
-15.4581
-10.1138
-8.1946
-10.8743
-8.7683
-10.0478
-11.0875
-14.5823
-10.2559
-17.1342
-12.8179
-11.9762
-18.8412
-11.8209
-17.8477
-10.8638
-5.9343
-16.6863
-9.3063
-9.9158
-14.1711
-9.5501
-13.7909
-13.8364
-14.6858
-11.2800
-11.3984
-11.0249
-10.8509
-12.2247
-14.1959
-10.8338
-12.4106
-12.5343
-13.1894
-15.6702
-9.7578
-12.3616
-12.3021
-14.3278
-14.9391
-13.6158
-14.7304
-13.3995
-12.1879
-11.8383
-12.9980
-12.6389
-9.8120
-15.3088
-13.8026
-14.0757
-19.9815
-15.9713
-11.0105
-8.8284
-16.6014
-13.1739
-11.8559
-10.5751
-13.5965
-13.7768
-12.4740
-12.8310
-16.9070
-12.7570
-12.3951
-16.2156
-17.2171
-17.0333
-16.7898
-17.6233
-16.5295
-11.7197
-14.1565
-14.3243
-7.6949
-12.1805
-7.3101
-9.1358
-8.4683
-7.7396
-10.3583
-9.1701
-9.8205
-8.3255
-6.3194
-10.6194
-9.6633
-10.4279
-10.4937
-10.8959
-14.1256
-14.4333
-12.3077
-9.7929
-13.5668
-15.2136
-10.3279
-2.2467
-7.0325
-13.1393
-11.5262
-12.1867
-5.2971
-7.8178
-11.1901
-10.3652
-11.2539
-9.1318
-9.3483
-8.0078
-9.7621
-10.5170
-8.2129
-15.2281
-10.0467
-12.3904
-13.8980
-12.7088
-6.5034
-8.2535
-13.0129
-19.0711
-18.6724
-17.2241
-20.3345
-17.9300
-17.1228
-17.3627
-16.2339
-15.7754
-19.2869
-17.9013
-19.4097
-19.2440
-17.5660
-13.7525
-17.7990
-11.4512
-17.2069
-15.5555
-16.4073
-16.7504
-15.3603
-15.6975
-20.9774
-13.6686
-19.4267
-13.6792
-10.7865
-12.9810
-13.1401
-12.7374
-15.7786
-19.8840
-19.7359
-13.5297
-11.5124
-20.1726
-15.7582
-9.5887
-13.8575
-16.7504
-13.5041
-16.9581
-19.4058
-13.6402
-18.0924
-15.1100
-18.5514
-16.3158
-13.5628
-17.5303
-17.7917
-13.6679
-19.3483
-20.2857
-16.6886
-16.5659
-7.4895
-18.0663
-17.4602
-16.4178
-9.5891
-7.5376
