-12.0561
-17.1230
-15.0551
-15.2997
-21.0918
-13.3554
-15.0731
-15.0057
-15.8394
-18.4901
-17.3011
-17.3482
-7.4043
-19.6963
-11.1174
-17.3075
-16.1972
-15.8463
-19.5749
-13.3175
-8.3659
-18.7815
-13.0102
-13.6210
-13.1450
-16.1526
-17.2239
-15.4067
-18.7736
-7.2944
-10.8402
-11.0314
-18.2379
-12.0811
-14.1368
-12.5817
-16.7043
-14.2774
-10.5036
-2.7034
-14.2675
-7.4580
-11.0765
-12.8825
-8.0276
-10.1386
-12.9174
-14.9529
-3.2391
-10.4505
-10.0204
-10.9613
-10.4912
-12.9775
-15.6704
-10.5488
-5.4681
-9.3152
-11.6404
-6.9089
-13.4048
-3.6496
-8.4123
-9.4252
-13.1952
-14.5570
-11.1944
-9.6071
-12.3519
-11.1324
-2.8466
-13.7699
-13.6498
-16.7056
-15.4058
-11.1507
-9.9302
-12.0319
-11.6566
-9.6280
-13.5942
-14.7214
-17.7974
-6.7945
-11.7496
-10.3396
-9.5860
-10.2436
-10.2302
-11.1031
-12.5634
-9.6414
-12.0574
-9.6794
-15.0383
-12.1869
-8.7929
-13.5041
-12.3524
-8.9531
-12.3130
-10.5179
-8.4928
-10.2089
-15.5645
-13.3267
-15.8940
-13.0835
-13.3784
-14.1010
-10.2215
-10.1936
-9.7864
-9.8371
-8.7598
-9.0619
-10.5452
-8.9204
-8.4769
-8.3144
-13.4263
-13.1388
-13.8685
-12.3827
-10.0256
-12.4692
-12.6080
-12.1585
-10.7659
-15.7354
-11.7474
-15.2032
-15.1559
-6.5152
-6.2122
-10.8388
-10.0682
-11.3389
-3.1973
-3.7419
-13.3049
-12.5737
-13.3709
-8.8955
-10.9349
-9.7197
-12.4669
-16.3405
-13.3995
-6.7830
-18.7075
-10.0333
-11.5577
-13.7468
-12.3571
-12.8377
-11.7047
-12.5189
-11.2615
-14.8372
-13.0258
-12.8267
-15.9640
-13.0957
-10.9648
-6.5211
-12.4529
-15.5076
-13.2348
-10.7845
-11.9294
-10.0265
-14.4742
-12.6678
-5.6888
-7.8871
-12.5142
-6.6377
-18.4642
-19.0507
-16.1978
-8.6907
-12.1480
-16.3163
-11.4766
-10.2081
-4.9297
-11.9758
-11.0554
-13.9907
-7.1639
-10.3157
-14.0418
-14.0720
-11.3040
-13.5367
-13.1816
-9.4024
-13.1721
-13.3985
-5.2994
-11.2964
-16.0022
-10.5569
-10.5642
-2.8060
-13.2267
-12.8308
-3.1180
-11.4310
-9.4001
-10.1580
-12.0239
-14.1229
-11.9319
-11.5592
-9.2295
-9.4003
-11.1985
-15.1984
-9.7474
-9.6793
-11.1385
-12.1629
-12.0060
-9.5682
-7.3132
-14.4109
-11.0238
-11.4474
-14.2496
-13.0488
-9.3160
-6.8055
-10.7961
-11.2488
-14.1937
-11.9925
-17.0091
-13.4609
-12.5738
-13.8641
-10.4521
-11.9325
-12.6293
-11.2651
-9.2537
-9.4067
-12.7138
-11.0968
-9.8285
-9.9894
-12.9672
-12.9460
-6.5900
-10.4468
-5.0996
-1.8365
-10.8795
-14.5671
-17.1686
-17.9367
-11.4372
-8.6151
-15.1733
-13.6653
-13.7152
-11.3970
-14.6614
-13.6329
-18.6406
-12.6031
-13.3570
-16.7972
-15.4493
-8.9797
-11.3818
-15.6463
-15.4464
-15.5818
-14.9919
-12.5499
-14.2641
-12.9421
-13.0419
-17.4513
-16.7467
-16.9110
-16.3279
-19.2467
-15.1746
-17.4716
-16.1649
-18.0051
-18.3199
-15.3073
-11.2270
-18.0701
-16.1043
-16.2530
-11.0498
-17.2848
-15.5209
-18.6571
-17.5553
-11.4107
-9.4863
-18.5817
-14.2871
-13.6441
-9.9357
-16.5858
-18.2487
-16.4367
-16.9272
-17.0639
-18.2374
-14.0632
-15.5548
-13.8462
-14.3816
-16.8315
-10.8868
-14.8105
-16.1710
-11.9447
-14.3057
-5.7997
-15.6818
-17.0783
-15.5245
-13.9605
-13.3255
-16.2426
-14.9428
-20.5567
-14.7848
-17.2478
-12.6767
-7.8323
-11.9671
-16.9711
-13.8606
-9.2146
-14.4307
-14.4484
-13.8588
-5.2386
-15.1659
-17.0650
-13.4023
-11.6921
-15.5379
-9.3361
-12.8824
-14.5936
-12.1742
-14.0227
-7.4294
-8.8775
-4.7628
-11.1436
-13.3117
-12.4011
-13.2727
-12.2436
-10.7969
-10.9426
-8.9256
-13.6582
-11.9788
-10.4593
-5.7374
-12.9493
-12.6169
-12.6729
-13.5952
-14.3337
-12.0671
-10.8732
-4.0553
-7.7659
-12.7823
-11.0758
-10.9681
-17.3499
-14.9100
-9.1669
-11.5511
-14.9827
-10.7069
-4.5703
-11.1612
-12.0864
-13.0754
-13.0481
-12.1117
-12.7917
-2.3178
-13.3364
-17.5346
-8.3415
-9.7863
-11.2995
-12.7012
-11.7770
-11.7622
-10.7514
-13.8607
-19.4381
-17.6577
-17.9420
-16.6312
-12.0307
-4.7278
-16.6283
-17.4748
-11.1640
-16.0569
-14.4069
-16.9518
-16.2816
-14.6315
-16.9483
-15.6693
-17.9424
-10.3610
-7.9931
-6.8912
-12.8591
-6.7574
-13.6145
-10.9927
-14.6906
-10.4442
-6.8476
-12.6019
-10.8526
-8.9571
-4.5668
-8.9478
-12.1503
-14.9248
-9.2983
-14.8342
-11.5142
-12.5867
-10.3217
-18.1921
-10.7400
-12.6300
-10.1162
-13.5018
-13.9667
-14.6101
-12.1236
-10.6387
-12.4922
-12.6656
-10.6572
-11.1400
-11.0714
-13.9909
-11.0902
-13.5998
-11.0238
-9.3461
-11.3812
-12.1607
-10.3768
-17.4104
-11.6007
-12.0250
-13.8830
-10.4479
-8.4409
-10.1100
-6.7575
-13.6055
-15.6756
-15.0156
-10.0766
-9.7199
-13.5732
-16.6685
-16.2675
-9.3503
-10.7903
-8.7301
-19.2973
-13.3749
-15.6607
-14.4767
-14.8579
-17.9359
-13.1539
-17.8379
-21.7478
-1.5547
-8.7398
-10.7144
-15.9241
-18.1424
-10.6494
-16.6320
-15.5976
-11.9240
-14.4678
-15.5438
-17.0522
-17.4394
-17.5932
-13.8564
-3.6526
-11.6024
-13.8015
-12.9959
-2.6258
-7.0933
-6.7940
-12.3902
-13.2981
-13.5524
-9.3437
-14.8535
-11.5152
-14.0249
-15.5333
-11.7955
-15.4371
-16.9444
-13.9368
-11.9791
-5.8253
-13.6529
-15.8166
-13.8482
-13.0112
-14.7225
-11.4224
-12.9786
-13.6150
-13.2679
-14.8253
-11.6185
-3.6331
-15.4304
-14.5135
-13.6003
1.7384
-18.2757
-12.9108
-13.2444
-5.2656
-11.0107
-12.8715
-11.8105
-14.1663
-6.5664
-2.3993
-10.2677
-5.1855
-4.1696
-15.2109
-12.1993
-11.4240
-11.3639
-10.2811
-5.8565
-10.1624
-10.8187
-10.7508
-3.5010
-2.9841
-11.7720
-10.3329
-10.2986
-10.9521
-12.0350
-11.5714
-10.1631
-8.8901
-7.6849
-8.8835
-12.5987
-11.0990
-14.1885
-12.0305
-11.5786
-11.9500
-8.3021
-9.8724
-9.9189
-11.6387
-13.1264
-12.4801
-12.4171
-11.9118
-8.0078
-5.5925
-7.7757
-8.9856
-12.0526
-5.2871
-12.9937
-13.8180
-11.1536
-7.3739
-11.8078
-10.0715
-9.2389
-13.9199
-9.7979
-12.5680
-4.2820
-1.8260
-11.0466
-10.8754
-12.0413
-11.2354
-1.8651
-13.9386
-13.7847
-8.1246
-13.6473
-7.9128
-14.0626
-14.9804
0.9931
-2.5108
-7.7954
-14.6537
-10.4595
-5.7354
-11.8135
-12.9417
-12.5797
-6.3789
-10.5612
-10.1600
-16.0007
-11.1056
-16.4476
-16.4786
-10.1984
-15.9520
-10.8083
-13.4466
-14.0457
-13.9047
-15.5555
-15.5160
-4.4143
-5.8995
-16.3576
-18.5332
-13.7254
-6.2293
-6.7187
-10.2042
-4.4796
-7.9149
-10.1348
-9.2523
-9.9866
-11.1981
-11.1738
-9.4227
-10.1585
-1.3244
-5.1030
-8.9593
-8.9982
-7.2247
-9.2104
-9.5434
-7.6264
-9.3112
-8.5132
-6.3375
-9.1740
-8.6359
-7.7644
-8.0277
-11.3933
-13.0821
-7.5547
-10.9942
-6.7872
-13.8293
-7.8910
-13.6936
-9.0099
-8.8404
-7.3668
-10.4494
-10.6689
-7.9305
-9.9530
-10.0180
-7.7446
-6.7097
-4.1316
-5.8588
-12.6547
-4.5550
-8.5356
-16.3373
-8.5437
-9.5114
-0.4083
-13.7413
-13.5580
-18.0119
-14.1909
-14.4786
-15.6813
-13.4964
-13.9605
-12.9859
-9.1577
-12.6894
-12.5170
-13.6107
-17.9573
-13.0615
-12.4566
-6.6885
-6.8875
-8.2363
-14.2567
-12.0302
-16.6380
-8.7360
-9.1744
-11.1506
-13.5956
-13.0995
-15.0017
-15.0806
-10.1403
-12.9537
-13.5660
-13.8958
-8.8771
-14.6822
-18.1233
-15.9944
-15.3875
-17.6072
-17.4049
-18.6139
-11.2223
-14.8622
-6.9457
-9.6008
-14.5453
-10.9619
-10.8107
-14.0029
-8.7845
-14.6790
-17.2981
-14.1855
-10.4883
-12.2588
-12.8999
-17.7696
-11.7813
-9.2988
-7.1036
-7.4976
-11.7452
-12.8128
-12.7114
-9.9785
-12.7333
-11.7601
-12.3689
-10.1374
-11.2405
-2.2886
-5.8666
-16.3153
-14.6253
-9.6706
-12.3195
-20.8123
-19.8832
-15.5310
-9.6111
-9.8175
-9.7255
-6.4502
-7.3452
-7.1519
-7.1693
-10.9897
-12.7660
-14.0994
-16.7365
-12.0584
-8.5301
-9.3918
-10.3558
-10.2280
-15.4367
-17.0505
-15.3278
-11.2241
-10.6910
-11.9233
-17.1607
-19.4323
-8.0436
-17.2079
-15.4377
-13.3777
-17.9133
-15.1719
-16.9953
-9.9246
-17.8884
-9.3480
-18.4866
-18.3636
-8.2761
-11.4656
-11.5602
-12.8049
-12.3924
-11.6541
-17.8933
-16.0182
-13.3613
-14.5920
-13.9056
-11.4605
-15.9307
-14.1222
-8.3808
-9.9402
-13.1703
-14.1629
-11.6478
-16.3238
-15.0913
-1.0060
-11.3954
-12.8063
-15.6632
-12.8390
-14.0853
-13.0990
-13.0837
-12.6489
-11.6343
-11.5990
-13.9702
-12.4326
-11.7889
-12.5325
-11.2012
-10.5114
-12.7936
-14.7872
-4.0958
-11.1615
-11.9001
-2.2023
-1.4843
-14.9805
-13.1079
-15.9817
-4.3255
-17.2711
-7.8863
-12.4952
-16.0233
-15.4763
-9.5119
-10.4529
-11.0372
-4.9949
-13.3120
-14.8702
-12.2954
-12.7227
-13.3596
-12.7157
-14.6206
-12.9026
-9.7171
-12.3920
-7.0408
-12.8276
-9.3742
-16.1053
-13.2792
-11.2997
-10.2815
-10.9350
-15.9842
-10.8956
-16.0505
-13.5935
-12.7441
-14.0009
-18.3894
-10.9582
-13.5105
-15.5077
-14.6073
-17.3617
-16.3956
-15.0398
-15.9379
-16.1871
-18.3653
-11.3987
-12.7714
-17.2454
-9.1926
-12.3357
-11.4464
-16.3654
-14.4226
-13.2665
-9.4916
-14.1779
-9.8839
-13.0004
-15.5355
-14.2544
-9.6828
-14.4944
-14.6627
-12.9732
-16.3839
-18.4152
-19.5752
-18.9907
-17.7946
-15.8445
-14.9893
-4.2234
-14.3275
-14.1083
-14.8143
-14.3512
-16.0883
-15.7867
-10.6750
-14.5671
-5.6427
-15.2965
-9.3729
-17.0804
-16.3602
-17.7088
-15.0955
-15.7601
-17.0770
-14.7934
-13.4544
-11.7710
-11.8604
-14.9615
-18.4262
-14.5447
-6.4139
-13.4958
-12.1990
-13.9082
-13.6298
-14.8695
-12.9288
-17.1806
-15.5866
-16.1250
-14.6836
-13.6246
-14.2931
-14.6881
-14.3746
-16.2914
-13.5354
-13.4372
-13.8915
-15.7000
-9.3804
-20.0200
-16.5455
-11.2061
-13.2222
-13.1435
-15.0053
-14.0269
-8.2509
-14.5582
-14.8978
-10.5457
-16.9581
-9.6707
-10.2471
-10.9669
-12.8811
-12.4580
-7.8142
-8.3107
-15.2622
-8.4286
-13.6653
-15.3847
-15.0915
-17.4335
-16.5122
-16.8244
-13.5969
-18.4791
-9.8845
-7.4344
-7.2420
-16.0815
-15.3287
-8.2418
-13.6911
-13.6683
-14.4468
-15.3823
-12.2236
-14.2597
-12.7291
-14.1672
-12.4812
-12.8977
-12.9365
-14.7484
-15.2314
-12.5314
-13.9432
-14.1872
-5.7200
-16.3342
-8.2239
-13.0453
-10.2038
-13.1928
-9.2973
-9.4125
-10.7425
-12.7497
-15.9968
-10.8947
-12.1811
-11.6576
-9.2800
-16.0025
-16.3564
-15.5355
-14.9721
-17.1114
-17.0905
-16.9069
-5.2196
-15.9572
-17.3520
-15.8681
-15.0515
-19.6058
-17.0682
-14.9480
-14.8850
-16.6835
-12.4716
-16.0895
-10.1323
-16.5674
-16.6426
-11.5161
-12.2305
-11.5171
-10.6820
-9.4269
-17.0205
-16.8667
-16.1504
-17.0873
-17.2274
-16.2292
-13.0322
-15.0946
-13.8695
-16.5212
-13.9715
-12.9925
-14.7146
-15.1468
-15.9667
-13.4436
-16.8666
-12.7323
-12.1768
-14.2256
-17.6206
-15.5576
-15.9643
-11.8648
-13.6577
-11.8740
-9.1143
-17.1825
-18.7183
-14.1463
-14.1505
-18.4482
-15.2268
-15.0940
-13.7740
-16.4965
-16.5653
-12.4664
-15.1125
-17.7605
-15.6207
-11.0908
-14.2768
-15.3671
-15.6938
-13.7895
-15.5458
-12.9228
-10.9218
-16.7130
-13.7721
-13.0011
-13.7439
-13.9595
-16.2790
-15.3943
-12.9225
-13.8001
-14.6069
-11.1314
-17.8451
-14.6804
-9.0303
-11.3106
-13.8735
-13.2054
-13.7948
-11.6019
-13.4455
-10.6903
-10.4684
-11.1407
-13.4919
-10.9121
-11.7431
-12.0690
-11.9589
-12.6315
-11.3021
-15.8798
-8.5408
-15.3920
-18.0793
-18.1477
-15.2240
-8.1710
-3.0713
-7.7090
-18.0620
-4.7983
-15.5114
-12.3742
0.2146
-15.3573
-14.4984
-16.6887
-11.0990
-18.4848
-16.8543
-14.6519
-14.7319
-12.1161
-15.7478
-13.8967
-15.0717
-15.8187
-9.6760
-8.7598
-11.6748
-12.1039
-12.6462
-0.1180
-2.7883
-1.7353
-10.8819
-5.5712
-9.1296
-12.6174
-8.6536
-11.3244
-12.4028
-9.7640
-9.4359
-10.9615
-9.2418
-6.5498
-9.7887
-7.8189
-11.2265
-11.4935
-8.3387
-10.4925
-9.1412
-7.3575
-8.6870
-6.3510
-10.3856
-8.2300
-10.5920
-13.3583
-10.1819
-6.1994
-8.4609
-8.5259
-7.2549
-13.5641
-11.6764
-0.5834
-11.8804
-8.3717
-8.4354
-10.3379
-13.7052
-16.3634
-12.9269
-14.9114
-17.1733
-15.3527
-13.6111
-13.8025
-14.8156
-14.0766
-11.6559
-14.5862
-13.7734
-13.3669
-15.5049
-13.5029
-13.8378
-12.0245
-14.4496
-14.1912
-12.9082
-10.8586
-12.5359
-10.4206
-12.3364
-12.2945
-5.0712
-10.1486
-1.6073
-14.3315
-12.3570
-12.9845
-13.7431
-8.5299
-17.2854
-13.3509
-8.2059
-13.0188
-12.9457
-10.7461
-12.0416
-3.0593
-11.8098
-11.2551
-7.1462
-11.0253
-7.9882
-12.2526
-10.4899
-10.6281
-7.6556
-8.4378
-10.7415
-8.3473
-13.1026
-11.0215
-10.4701
-8.9666
-9.0965
-7.3785
-15.3784
-12.6583
-10.9222
-10.2028
-10.7122
-8.4034
-9.5768
-12.3985
-10.0736
-16.0008
-9.3958
-8.1283
-9.4344
-11.6982
-12.3415
-10.3649
-15.0825
-13.1481
-8.9329
-7.3268
-6.9514
-8.2724
-10.7686
-8.7494
-4.2442
-14.9958
-10.3400
-9.7367
-8.5065
-9.7505
-13.6296
-7.6151
-12.6976
-10.7351
-4.7286
-16.7720
-13.5662
-17.4370
-17.5987
-19.9544
-15.9305
-9.9126
-14.6463
-15.6923
-6.0894
-11.0508
-14.9889
-11.4538
-15.8092
-14.7469
-6.4906
-4.2936
-18.0066
-13.0841
-17.4115
-10.7664
-15.4780
-17.7380
-14.8495
-11.1512
-12.6943
-11.0331
-14.7231
-17.7752
-14.8001
-15.5006
-16.6502
-18.7027
-4.2009
-11.6718
-8.7819
-12.3422
-11.1583
-13.9732
-10.8387
-6.9889
-8.0639
-10.1144
-9.7082
-10.3134
-9.3439
-12.3408
-17.0443
-8.3943
-6.7557
-13.8984
-10.9391
-12.9086
-12.2053
-8.6613
-15.1605
-13.4745
-11.0590
-16.1611
-12.1413
-8.8211
-10.7437
-9.8433
-12.0394
-10.0076
-10.3505
-9.9504
-11.1715
-15.0905
-13.5853
-11.3409
-15.6460
-12.2582
-8.7783
-10.4815
-12.6072
-10.9893
-5.8374
-10.3027
-11.3548
-3.9634
-1.0096
-10.6950
-2.7211
-6.6512
-8.2864
-7.3196
-3.1997
-9.4964
-7.7482
-8.0657
-8.2780
-8.4605
-9.6293
-6.4143
-9.1620
-9.8167
-9.7893
-12.7131
-6.4460
-9.3806
-7.8653
-8.1957
-7.4657
-9.9725
-8.7485
-3.2695
-12.1567
-11.6067
-7.1395
-8.1441
-13.9231
-8.4380
-7.9284
-13.1335
-7.5819
-11.5272
-8.5241
-9.7389
-3.2503
-7.7835
-7.8401
-9.2078
-10.6184
-5.1861
-14.0929
-8.5372
-13.9291
-10.0974
-9.6903
-10.9297
-6.9274
-9.5334
-11.1128
-10.5692
-8.7635
-10.3624
-8.3953
-11.0790
-11.5726
-13.1445
-13.5846
-11.3258
-13.1486
-12.4191
-10.0964
-7.3115
-11.0042
-14.0285
-14.2916
-10.0171
-11.4366
-10.7853
-12.8621
-11.7684
-13.0000
-8.7555
-9.1360
-8.2556
-8.6191
-9.3527
-10.3410
-11.0827
-13.2431
-10.8974
-7.4301
-12.6678
-10.4113
-15.0249
-7.3361
-7.1547
-3.9451
-5.5022
-2.4633
-8.1804
-10.2037
-5.7162
-4.6530
-5.4934
-9.7301
-7.8881
-6.7855
-4.0882
-5.5262
-11.8318
-8.4627
-9.0917
-1.1389
-8.6909
-6.0722
-4.4103
-6.1235
-13.6574
-12.2094
-10.4583
-3.8883
-5.6087
-13.2062
-4.0876
-12.7007
-10.5642
-14.0695
-7.4094
-6.1552
-7.2738
-8.6322
-5.9327
-5.4412
-12.6713
-11.6754
-1.3187
-15.7325
-11.6919
-5.8556
-10.2433
-5.8275
-8.4445
-5.8528
-7.8042
-10.0233
-13.4022
-11.1766
-12.0327
-14.0921
-10.8799
-11.5612
-11.5427
-12.5679
-12.2745
-15.0159
-10.6465
-6.9915
-8.8935
-13.8904
-15.6891
-12.7192
-12.0595
-13.5667
-8.2297
-13.3169
-9.1263
-11.5969
-8.6072
-9.5406
-15.6810
-16.7862
-9.5874
-11.6304
-17.2033
-16.0023
-12.4338
-16.0529
-10.6815
-10.2564
-10.8399
-11.7256
-14.7216
-12.7902
-14.3839
-15.7325
-9.2035
-11.2584
-11.3092
-7.8561
-9.9860
-9.8316
-12.1093
-10.5737
-15.0682
-12.3962
-13.5848
-12.4211
-14.2054
-10.6646
-12.2127
-12.3291
-10.5738
-12.3290
-13.4947
-11.0245
-12.6984
-15.6433
-9.4824
-10.4466
-14.4560
-12.2562
-16.0904
-13.3654
-19.0038
-18.8145
-11.8698
-10.2218
-11.5760
-17.2119
-12.9134
-13.5130
-12.6702
-15.3746
-13.9391
-11.0267
-13.0615
-12.7896
-16.7617
-14.3211
-10.6402
-11.8162
-14.1626
-15.9712
-16.5661
-15.7373
-12.4846
-13.7394
-18.8591
-9.9353
-12.7446
-17.7230
-17.0105
-13.6702
-18.0120
-11.5163
-11.0209
-13.2282
-10.8475
-15.8549
-12.0012
-15.5206
-10.9916
-18.1500
-18.7043
-12.6915
-18.1671
-17.9217
-14.4262
-16.1173
-15.0653
-13.3101
-13.7696
-14.8197
-14.7617
-13.8481
-13.2409
-14.6365
-14.5550
-12.5930
-17.5732
-12.2567
-10.0487
-15.8308
-14.7467
-16.3997
-15.7331
-16.4226
-15.6073
-16.7264
-15.6215
-15.2751
-14.8641
-13.8929
-18.4219
-14.6118
-11.2041
-10.5638
-13.6908
-11.4794
-12.0766
-13.7783
-11.1702
-16.2398
-17.3187
-16.2178
-12.9781
-10.2611
-14.0585
-8.9173
-9.9500
-7.2305
-11.8449
-12.6013
-17.9309
-14.4742
-12.2648
-17.1470
-13.2814
-13.8830
-16.7350
-15.5838
-12.5049
-15.5361
-15.1374
-5.0210
-13.6016
-14.3878
-13.7389
-14.5827
-17.5283
-13.5377
-13.7748
-9.9822
-11.8016
-15.3500
-17.5020
-12.4139
-19.3557
-17.9086
-18.7913
-14.6684
-10.0438
-17.1072
-16.2774
-19.0401
-12.2216
-13.1631
-17.1826
-11.8098
-10.8937
-10.5450
-11.9964
-9.7836
-12.1224
-13.6969
-11.0776
-17.3786
-16.8328
-10.4344
-12.7561
-11.1612
-14.8862
-11.1143
-10.6947
-9.9012
-12.9498
-11.7200
-17.7651
-15.7954
-16.1018
-12.6830
-10.7051
-15.4257
-17.4334
-10.4753
-17.7259
-12.9758
-11.5399
-7.1342
-13.3102
-16.8214
-13.9123
-15.3223
-9.2294
-15.3104
-11.4552
-11.3966
-15.0753
-16.0465
-16.7416
-14.8694
-16.1619
-15.0944
-18.9054
-9.8555
-11.6834
-18.8121
-13.6843
-18.2754
-8.6586
-15.7048
-10.7890
-14.1144
-12.6918
-14.4785
-13.6697
-11.1198
-14.5373
-13.8074
-15.3095
-12.6550
-5.0499
-14.7004
-3.2703
-13.2369
-18.5112
-8.9322
-11.5888
-12.9878
-11.5388
-15.6751
-14.2586
-17.2651
-16.2448
-15.7355
-9.2333
-17.2116
-14.3526
-17.5136
-17.4587
-16.5056
-10.5056
-10.9238
-17.4414
-7.2167
-9.4856
-11.7292
-11.2332
-14.4021
-8.7271
-11.0437
-11.2647
-11.5141
-10.5873
-10.5188
-4.2001
-9.2250
-13.2598
-11.6770
-16.0911
-11.0478
-11.5669
-14.1606
-8.8425
-18.6631
-10.5403
-12.4782
-12.0686
-11.9672
-14.3175
-11.6131
-13.5007
-8.6023
-11.1692
-17.0595
-15.1090
-14.4643
-9.9841
-14.9141
-15.7584
-17.3132
-10.6403
-17.6877
-11.2244
-17.3468
-10.3289
-13.2633
-15.1525
-16.0264
-16.6777
-13.6149
-13.7108
-14.3381
-12.4151
-13.9064
-14.4073
-14.3331
-15.8998
-12.8042
-11.2147
-13.5490
-14.6486
-15.4763
-14.4893
-13.4826
-10.8741
-14.7030
-10.9444
-7.2350
-15.3560
-13.8207
-12.3731
-17.8612
-11.5392
-12.4939
-8.3244
-7.9256
-7.7345
-17.2038
-15.8062
-14.5699
-14.9061
-18.4179
-16.0193
-17.7699
-15.6082
-14.8344
-12.8136
-12.8148
-12.2276
-13.6402
-12.6503
-13.7827
-18.0266
-14.0322
-12.6805
-13.0549
-13.9101
-11.2309
-8.1550
-10.7481
-17.4490
-11.7509
-15.1886
-8.7234
-11.1953
-9.4002
-11.4875
-12.5565
-12.8981
-12.1092
-11.0139
-14.2366
-14.1914
-10.6860
-14.8638
-12.8798
-14.3534
-13.2870
-15.0437
-14.6720
-10.2090
-7.1722
-10.9584
-17.4195
-15.7755
-13.8137
-15.1867
-16.7919
-19.7005
-16.1852
-16.3983
-15.9285
-11.0596
-11.3350
-9.8708
-10.4385
-13.8400
-11.0831
-11.6633
-18.2445
-17.4962
-14.1004
-10.1768
-13.8625
-12.7917
-15.6812
-17.3772
-14.0509
-14.9223
-14.2574
-17.4079
-8.5593
-8.5363
-13.0258
-9.8678
-12.2537
-8.5030
-8.6106
-9.9921
-9.6459
-9.9475
-8.3228
-8.7728
-5.5527
-8.7937
-6.8003
-11.0357
-9.4040
-9.3292
-10.2098
-6.5472
-9.3097
-13.1267
-8.1095
-10.5145
-10.2099
-7.3829
-15.4242
-10.8884
-11.7451
-12.7821
-11.0082
-4.3716
-9.7039
-9.9955
-8.5954
-7.4168
-8.1795
-11.3614
-9.0981
-11.4520
-7.9388
-12.9765
-13.1185
-14.3210
-10.5494
-7.8764
-14.5198
-5.2340
-11.2281
-8.2111
-7.2945
-16.6402
-11.8947
-12.5367
-11.7236
-14.7508
-7.6856
-12.2852
-10.2138
-10.5429
-8.6171
-12.5816
-16.0938
-11.6706
-13.6541
-13.2786
-13.6880
-16.8733
-6.7026
-9.1003
-15.8755
-14.5583
-15.4723
-16.1762
-18.4358
-15.2872
-11.7067
-13.2735
-15.6972
-9.1450
-11.3331
-17.4581
-16.9231
-16.8637
-15.6939
-15.5494
-17.0622
-18.6148
-15.6072
-16.6130
-17.1484
-16.2138
-14.5321
-16.0502
-15.2303
-16.2372
-9.3230
-10.2875
-10.4475
-12.3672
-13.4359
-13.5426
-10.8569
-16.6309
-17.5396
-6.0446
-10.8845
-17.3507
-18.6867
-17.6338
-17.1938
-17.9829
-17.6531
-19.0139
-17.7786
-15.7861
-15.3491
-17.5128
-16.5445
-16.6372
-16.7494
-16.6403
-2.4212
-4.8865
-14.5614
-13.8934
-12.9199
-13.0100
-13.5708
2.8291
-9.2467
-14.3034
-14.5701
-11.6362
-13.3271
-14.2689
-13.9488
-13.7929
-13.2897
-11.9296
-11.3355
-11.0550
-10.2831
-11.8426
-16.2629
-8.5111
-16.2312
-9.4581
-14.0677
-8.7639
-8.7598
-13.7709
-14.6822
-14.4566
-15.9034
-6.1299
-5.8545
-15.9314
-12.9318
-12.0575
-13.6584
-14.0777
-16.2034
-13.7047
-6.1750
-17.6680
-13.1299
-13.1519
-10.3863
-16.9135
-10.4081
-10.7473
-17.1827
-11.3639
-7.2126
-9.6504
-14.7510
-9.4663
-15.4621
-17.9950
-14.3013
-13.4643
-17.2499
-17.0782
-12.7199
-14.3929
-13.4732
-13.2023
-14.2255
-16.3359
-15.0744
-15.7570
-15.4229
-16.1034
-15.0328
-13.6758
-6.7140
-12.6808
-11.6622
-11.4948
-14.7761
-11.0493
-15.4630
-13.4231
-14.4111
-14.8824
-7.6248
-12.9348
-13.8323
-12.9908
-13.7390
-6.6046
-5.8525
-19.3573
-14.1880
-8.8941
-15.0588
-14.8317
-12.5500
-16.0564
-17.6923
-8.0352
-14.8655
-7.4778
-14.3101
-3.6011
-13.1411
-14.2285
-17.4987
-7.1384
-12.6922
-12.5717
-12.7037
-13.8602
-9.2737
-14.7317
-12.6361
-15.0698
-9.2458
-16.0837
-15.8127
-12.9999
-17.3390
-12.4744
-12.7467
-13.9653
-10.5887
-9.4403
-10.0257
-12.0566
-14.8310
-16.6111
-11.4035
-10.0032
-13.3810
-15.6443
-15.4157
-18.5584
-14.1595
-11.3687
-13.1550
-12.3610
-16.3054
-17.9688
-9.9526
-10.6358
-12.0668
-11.6743
-15.7584
-10.7615
-10.4537
-14.0615
-9.6910
-13.9654
-8.6060
-16.4164
-14.7281
-15.9241
-14.2010
-12.9460
-2.8216
1.9196
-12.8967
-8.4638
-13.2072
-12.1667
-14.8949
-13.5022
-10.7346
-12.5240
-12.3880
-12.3933
-11.6209
-12.1384
-11.8468
-10.8785
-17.3271
-11.3235
-17.2518
-10.8300
-13.0909
-13.5993
-12.3897
-11.0097
-6.9333
-14.4405
-12.4874
-14.9376
-14.8249
-13.6009
-12.5249
-11.0687
-14.3111
-11.4255
-14.0890
-12.5915
-16.0723
-11.1998
-14.3193
-13.2892
-14.5797
-11.1187
-13.2587
-13.2435
-15.3677
-13.3446
-14.1170
-12.8629
-12.4555
-15.5612
-13.0956
-14.3047
-12.1770
-14.9262
-12.1641
-11.6616
-13.4851
-14.2770
-14.2739
-13.6919
-11.1488
-12.6826
-16.6213
-11.9529
-9.8705
-13.6946
-11.2055
-14.8695
-13.2946
-16.3461
-8.7075
-11.2991
-11.7191
-14.6878
-18.5090
-12.8520
-17.2587
-17.0376
-15.3385
-15.8207
-16.7054
-15.2874
-13.8786
-17.2274
-16.4855
-10.8215
-15.8749
-10.4585
-18.3018
-14.5756
-13.9076
-10.7174
-14.1517
-13.7692
-11.2726
-12.8221
-15.0173
-13.8518
-7.0630
-13.6625
-13.3164
-11.6079
-13.8572
-14.8123
-12.7430
-12.4000
-15.2806
-13.8346
-14.1846
-13.2825
-16.2284
-12.8484
-9.7996
-12.2928
-12.0450
-12.0746
-20.3229
-16.6949
-15.1678
-14.5190
-14.7465
-14.1579
-10.7340
-11.7950
-11.9667
-14.0412
-14.4245
-18.6058
-9.8458
-14.7122
-19.0984
-15.2859
-16.3834
-19.1198
-18.8345
-10.5061
-18.1449
-14.7956
-16.0548
-17.3714
-9.4689
-10.6251
-12.6314
-12.6370
-13.1750
-11.3793
-15.5519
-9.8145
-11.2528
-9.0346
-10.6587
-12.6242
-11.5685
-11.6732
-10.5622
-13.2394
-12.1859
-13.0409
-12.2980
-12.0153
-16.9389
-8.6034
-8.6780
-13.7221
-10.8343
-13.4846
-13.0850
-11.4776
-13.6555
-10.9612
-10.6308
-8.8328
-8.4538
-10.0441
-14.9459
-10.0203
-11.0319
-10.1146
-9.1322
-14.3647
-9.2864
-10.5943
-14.3468
-14.5178
-7.2736
-11.0367
-14.9935
-9.4154
-10.7560
-11.4784
-12.4888
-10.3174
-16.2048
-14.1905
-13.8095
-10.4374
-14.6447
-9.3822
-13.3919
-7.0984
-13.2423
-6.3714
-12.2565
-11.9151
-10.6096
-12.9534
-12.3243
-11.8788
-11.7636
-10.6956
-10.7454
-8.7581
-10.1138
-13.0768
-11.9047
-18.3112
-13.5381
-7.9507
-13.0142
-14.8575
-10.9268
-11.6317
-11.4940
-10.0345
-9.9119
-12.6366
-12.0726
-11.0760
-9.2353
-11.8332
-15.3823
-10.2176
-12.5283
-13.9661
-12.7385
-12.0690
-12.2206
-15.2998
-13.4079
-8.6745
-8.8058
-12.7841
-4.5642
-6.8819
-11.5754
-12.2441
-9.2296
-6.7775
-8.8353
-6.8189
-4.3159
-7.9158
-4.5270
-8.6702
-9.5750
-9.3100
-11.2554
-5.8799
-11.6466
-4.3982
-9.4702
-10.9024
-9.6479
-8.7549
-10.0281
-8.0004
-10.3556
-6.6971
-5.6290
-8.7860
-12.3214
-13.1745
-8.9453
-8.2241
-10.8156
-11.6997
-12.2192
-9.6630
-11.7107
-5.5026
-6.5320
-6.8760
-5.2744
-17.2224
-4.6495
-12.7875
-6.4102
-10.5774
-10.6973
-16.6140
-16.7298
-14.9618
-13.6569
-16.5598
-7.5552
-13.7676
-12.5420
-6.8855
-12.2659
-17.1106
-15.3696
-15.5860
-13.5227
-19.1666
-16.0078
-11.3061
-11.4973
-17.3077
-13.0550
-16.7901
-11.8603
-14.7279
-9.0646
-8.8341
-13.3701
-16.5313
-11.9199
-15.9700
-15.9519
-10.7730
-14.2413
-11.6078
-14.4875
-17.0579
-9.1013
-16.0144
-14.7852
-18.0290
-15.2417
-15.5208
-16.9199
-14.8165
-14.4529
-6.6429
-13.2616
-8.0057
-13.3239
-11.3593
-6.3481
-11.2343
-14.5098
-14.1014
-7.8389
-8.4973
-7.3975
-7.7211
-9.8457
-3.9827
-13.7101
-7.5845
-16.6222
-9.3651
-8.6817
-7.9090
-7.9319
-9.7238
-7.8484
-14.3417
-13.7511
-13.8069
-8.1046
-10.0602
-8.8321
-9.7841
-17.2314
-15.0422
-15.4684
-15.4567
-10.9055
-13.1543
-7.9744
-16.0854
-17.8116
-15.0928
-15.3526
-9.0892
-12.6638
-11.5932
-7.8353
-9.6806
-9.3247
-9.5632
-8.6245
-10.6622
-12.8286
-12.6205
-11.7471
-13.8769
-11.6862
-12.2385
-12.3182
-12.8302
-11.9206
-10.7456
-11.9097
-17.3390
-16.1932
-13.4781
-8.9407
-12.6042
-18.4086
-12.0685
-12.2139
-9.8174
-15.4004
-14.5895
-17.1235
-15.5493
-11.8764
-12.5750
-9.6372
-18.6600
-3.9756
-15.9355
-14.1835
-12.0377
-15.2460
-19.0467
-13.0588
-10.2583
-9.8759
-12.3257
-14.2125
-14.9610
-10.5642
-11.8716
-14.8913
-16.7398
-12.7722
-16.5778
-7.3151
-8.5114
-15.7722
-11.4293
-17.6550
-18.9965
-11.3634
-9.2669
-8.8500
-12.8686
-4.4196
-11.0587
-13.0237
-15.9401
-9.7241
-13.0614
-9.7260
-11.1384
-10.8047
-10.8405
-9.4690
-15.0222
-13.0411
-12.9048
-12.6341
-9.9797
-12.3379
-13.1395
-12.2435
-10.6550
-10.5702
-6.7521
-11.0495
-11.1513
-11.4587
-9.3652
-12.0058
-11.1794
-11.3260
-12.4716
-13.2620
-13.4159
-10.8002
-11.5135
-11.4892
-11.5885
-10.6120
-12.0745
-12.2751
-13.5168
-14.4504
-10.5771
-8.1875
-6.7467
-10.7875
-10.9835
-10.6836
-4.6466
-9.6765
-10.2882
-2.4715
-9.7999
-12.3082
-13.1284
-15.4407
-10.4043
-11.4856
-8.8913
-10.1622
-9.5081
-10.3143
-10.7042
-10.5125
-11.5954
-10.9961
-13.8414
-14.2382
-11.8617
-13.6145
-12.5400
-9.3960
-9.7444
-14.3165
-15.4925
-15.0336
-11.4004
-11.7439
-13.3579
-4.5310
-11.5056
-11.4614
-10.9616
-10.6546
-14.1014
-12.1614
-11.6059
-12.3721
-10.7365
-5.3429
-12.0062
-14.2526
-8.0300
-11.7265
-11.2526
-3.3389
-8.0730
-11.2931
-10.4437
-6.5345
-4.4017
-3.8719
-8.5382
-7.0497
-11.2704
-8.1508
-9.3372
-12.2268
-12.9578
-5.6448
-7.4326
-7.2183
-10.3737
-12.0385
-12.5827
-13.4325
-13.1672
-6.7082
-6.6491
-10.4352
-16.8086
-13.7771
-9.3351
-8.9399
-6.8860
-8.9144
-15.0002
-13.2358
-9.9664
-13.1947
-13.0066
-8.4834
-7.1708
-7.9737
-8.8614
-11.1882
-7.7981
-6.6939
-7.5152
-7.8124
-7.4980
-12.6745
-11.1938
-11.6107
-6.4252
-8.7244
-13.2622
-13.9931
-9.0337
-5.8606
-12.0755
-15.3028
-14.5640
-11.2438
-19.7484
-14.1164
-13.6320
-12.9048
-10.6457
-12.3064
-14.1807
-10.6038
-18.7143
-15.8625
-11.8637
-13.4487
-10.9104
-13.2307
-15.1761
-13.7229
-15.3753
-14.9481
-13.8815
-15.1365
-15.9275
-5.1220
-17.3721
-13.3940
-15.8652
-14.1205
-13.0706
-12.9552
-12.7623
-16.0897
-13.5111
-10.8563
-14.6151
-13.1817
-16.2104
-11.8983
-13.6243
-14.4760
-13.6696
-5.3287
-17.1132
-9.1043
-6.1644
-9.0526
-12.3864
-10.3263
-18.8154
-16.3379
-16.2215
-16.0794
-15.6177
-18.0334
-16.2285
-15.1551
-13.7374
-17.3459
-11.7559
-13.2976
-16.6390
-10.3014
-17.2221
-15.7590
-15.1163
-16.2228
-13.8537
-18.0180
-14.3305
-13.1456
-13.8143
-10.9832
-6.9995
-11.3144
-10.9777
-9.0997
-12.5826
-10.2640
-17.3474
-11.2531
-10.9170
-10.8295
-12.6669
-15.2299
-10.2994
-10.7342
-14.1332
-14.4401
-11.4189
-13.2761
-10.0570
-10.4799
-15.7001
-14.1620
3.2509
-8.0988
-12.8109
-7.8496
-15.6974
-14.2316
-9.9130
-14.3463
-11.2730
-10.5983
-14.8480
-15.5263
-13.8646
-14.2764
-15.0789
-15.3333
-14.4585
-8.5856
-8.5319
-17.7438
-14.1258
-12.3779
-13.3149
-12.3316
-12.2862
-13.2319
-13.2465
-9.0534
-12.6677
-10.3779
-9.9072
-4.6867
-11.3612
-12.8604
-12.0672
-16.3331
-16.4075
-12.7795
-15.5028
-13.7918
-15.0037
-16.1642
-5.8740
-13.6401
-6.5486
-14.0418
-9.3933
-9.4719
-13.4792
-11.9147
-14.6089
-14.4990
-13.0333
-15.2106
-11.8654
-13.3840
-15.2421
-15.2216
-15.7739
-17.4043
-12.3978
-14.3135
-13.1617
-16.3007
-18.5498
-13.5222
-12.6815
-13.3198
1.4076
-9.4756
-15.3542
-4.3201
-14.7765
-11.1614
-4.0904
-14.0136
-14.8276
-14.8280
-9.4582
-11.7865
-15.2781
-5.5625
-10.4625
-4.9313
-14.2721
-15.1650
-11.8744
-14.7918
2.5688
-14.5582
-16.1285
-2.7116
-13.4004
-13.5551
-14.6338
-14.5294
-11.4332
-14.7574
-14.3854
-14.1573
-17.3757
-12.9347
-18.7205
-16.1452
-12.9328
-17.1541
-14.5444
-12.2842
-15.4570
-15.3195
-16.7047
-15.8195
-14.9920
-15.8346
-14.1442
-7.1583
-3.4471
-11.6712
-9.9263
-13.9664
-11.3779
-13.8489
-7.8889
-7.2873
-7.2830
-10.5013
-11.3682
-11.2469
-12.2913
-15.1749
-15.1156
-16.3173
-11.1801
-16.9747
-11.4107
-15.7893
-11.0652
-7.0515
-17.2226
-11.2726
-8.6417
-12.6192
-8.8829
-12.6468
-13.2960
-13.0411
-12.4823
-9.8641
-9.5850
-9.6776
-10.7026
-12.3897
-10.3629
-11.4723
-12.1500
-9.3868
-15.5733
-11.1938
-12.6680
-11.5892
-12.4306
-12.6189
-13.0363
-12.7142
-12.2814
-12.8197
-11.9297
-12.9001
-9.1146
-10.4052
-14.5497
-12.3672
-16.5785
-19.2712
-16.2827
-10.8633
-8.5733
-15.1726
-12.7637
-10.6578
-10.2271
-10.8169
-11.5867
-12.0481
-11.5361
-15.4052
-12.7280
-12.8675
-14.0090
-15.4321
-17.2716
-13.3446
-18.3712
-14.1650
-11.3005
-12.6424
-14.7367
-7.3417
-11.6818
-8.3216
-9.2083
-7.3150
-7.1456
-9.2907
-8.8411
-9.1257
-7.2046
-6.0711
-8.2265
-8.7622
-9.0272
-10.8964
-10.7005
-14.2666
-13.9657
-9.2304
-7.5349
-10.3426
-14.8685
-8.5853
-0.1996
-6.2816
-14.3706
-10.4435
-11.5475
-5.6369
-6.2220
-9.1938
-8.9250
-9.8769
-9.0605
-7.9129
-7.9270
-8.4400
-10.0181
-7.5343
-13.4804
-10.6160
-11.3306
-12.3404
-12.8796
-5.5258
-7.5432
-12.3827
-17.6087
-16.8289
-16.1972
-19.0428
-17.0697
-16.3676
-17.1230
-16.3466
-15.3979
-19.5749
-17.3742
-17.3075
-19.6963
-17.3482
-13.4315
-18.2379
-11.1174
-17.3131
-15.2997
-15.0837
-16.1526
-15.3150
-15.0507
-19.8515
-12.9530
-18.7815
-13.3473
-12.0561
-11.8106
-12.0811
-11.0314
-15.4151
-20.0878
-18.2058
-13.0452
-10.8402
-18.7736
-15.4067
-9.4266
-13.6210
-16.2878
-13.1633
-16.4912
-17.3011
-13.3554
-16.4786
-15.2398
-17.8339
-15.0551
-10.6319
-17.2239
-17.3666
-13.1450
-17.1501
-21.0918
-16.2849
-17.3652
-7.0793
-15.8164
-17.0403
-15.8463
-9.3937
-7.2546
