-1.88521
-2.06254
-2.15104
-2.20253
-1.62430
-2.72227
-2.30096
-1.82502
-2.24024
-2.17988
-2.29146
-2.20455
-0.96410
-1.08428
-1.65660
-2.54991
-3.04466
-1.30803
-2.58828
-1.72622
-2.74585
-2.22107
-2.15045
-0.92040
-2.13804
-2.79837
-2.16766
-2.00733
-2.11805
-1.27030
-2.83387
-3.08263
-2.00613
-2.72179
-0.51473
1.00944
-1.19508
-1.41931
-0.72820
-0.38125
0.50656
-0.49468
-0.85181
1.13861
0.77207
-1.86714
-1.15142
4.17654
-0.36119
0.05715
-2.04031
-2.44667
0.30802
-0.26187
-0.33480
-1.61361
-2.36464
-1.00392
0.81253
-1.57599
0.94446
2.30829
2.70698
-0.64353
-1.83153
6.01270
2.91217
-1.39328
5.33085
-0.65489
-2.41178
-0.40312
-1.79026
1.14546
-2.02657
-2.33048
0.31862
-2.18127
-0.31029
0.26681
-1.09630
-1.30839
-0.49164
-2.13894
-1.55969
-0.92315
-0.62932
-2.43609
-0.84445
-1.41202
-1.11278
-0.89138
-0.92596
-0.37414
0.17564
1.55811
-2.29689
-1.62929
-1.72523
-3.39642
-2.57148
-2.09490
0.83181
-1.55163
-1.27650
-2.27974
-0.38997
-1.35974
-0.90451
0.14781
-0.54015
-0.12985
-2.15681
-0.71947
-0.87685
0.05448
3.37501
-3.70524
-2.46927
2.32495
-2.36966
1.64743
-1.50129
-1.42802
-1.99723
0.96139
-1.11529
-1.28166
-2.16661
-2.92874
-2.86933
0.25355
2.52895
-0.59317
-1.37771
-0.61812
0.71338
-0.45037
-2.34821
-2.41186
-2.85461
-0.89898
-1.65040
0.84891
1.38102
-2.84018
-0.87755
9.32692
0.72670
1.10116
-1.63713
0.62416
-2.43109
6.58235
-2.34712
-1.77265
-2.74373
-2.07189
-0.35325
-1.99389
-0.99695
-1.28349
-0.42974
-2.95259
-3.71065
-2.24498
-1.50813
-3.57369
-3.08556
-2.60618
-2.75571
2.01383
-1.81734
0.76692
-0.25745
-1.04228
3.00096
-3.75644
-1.72227
-1.32254
-2.53939
-2.28639
-2.40425
-2.59199
-2.26115
-0.62300
-2.58205
-1.22477
-2.84551
1.20504
-0.72265
-1.17596
-1.42184
-2.14068
0.05462
-0.99024
-1.61058
-1.39205
-2.51013
-2.56968
4.06699
-1.17509
-1.02866
-3.35153
-1.22095
0.93893
-1.31587
-1.82782
0.24078
-2.75503
-0.32812
-2.43153
-2.79553
-3.58886
-2.33478
-2.74682
-2.27114
-2.70223
-3.13018
-2.74291
-1.60734
-3.15263
3.19817
2.25840
-2.28950
-1.80199
-0.18849
-2.08758
-0.52499
0.84804
-1.22324
-2.26757
0.59350
-2.75137
-0.68690
0.86096
-1.77420
-2.71041
-0.56228
3.13865
-2.66282
-2.56761
-1.04326
-3.06314
-2.16906
-3.08051
-0.65509
-3.26792
-2.73227
-3.08178
-0.28773
-1.24535
-2.45036
-3.00683
-1.81387
-2.42640
-2.07646
-3.09225
-1.48722
-1.42189
0.23138
-1.51771
1.37074
-2.54762
-0.91810
-2.42659
-2.85817
-0.95664
-1.96426
0.46526
1.02637
-2.47431
-2.34852
-2.52337
-1.90419
-2.81361
0.96672
-3.64466
-2.95993
0.88806
0.34877
-0.78440
-1.54301
-1.23686
-2.35924
-2.24630
-2.42844
-2.51275
-2.11805
-0.90995
-2.23037
2.17525
0.19205
-2.07813
0.92758
-2.37763
-2.99748
-2.95781
-3.68838
-2.35741
-1.39311
-0.55852
-2.67017
-2.96228
-2.48264
-2.78346
-2.62084
-2.82702
-1.76827
1.81476
-1.92256
-3.53751
-1.74585
-1.29011
-3.30709
-3.26729
-1.32855
-1.46690
-3.06172
-3.19083
-2.64056
-1.19295
5.74390
-3.66935
-1.41140
0.50213
-0.46395
2.17943
-1.35260
-2.25425
0.31503
-2.27719
0.97231
5.96507
-2.32085
-0.14623
3.64814
-2.13834
1.56342
-1.62152
-0.89885
-2.26221
-1.69064
-3.55488
-1.72211
0.92413
-1.03751
-0.28258
0.89736
0.86423
-3.66827
-1.83250
-0.51305
0.06015
-0.40260
-1.44337
-2.77957
-1.06430
-2.09488
-1.36816
-0.63564
-1.94571
-1.00726
1.86745
-0.67028
-2.33178
-2.16894
-0.36474
-2.86331
-1.68038
3.40490
1.96355
0.80627
0.05102
2.09902
-2.49538
-2.66626
-0.27507
-0.17341
-2.39214
-0.44950
-2.12424
-1.70446
-1.58391
-1.93288
-2.33241
-1.24768
-0.45159
-1.32344
-1.94221
2.34030
2.61032
-1.07845
-1.28206
-2.38077
0.03925
-1.48070
-1.83138
1.12894
1.95891
-1.21673
1.01672
-0.20788
0.45542
-0.82167
5.06974
3.16679
-2.38618
-1.94839
-1.71087
-1.70518
-2.76711
-2.24753
-2.41828
-2.38158
-1.62329
-0.71693
0.14280
-1.30735
-0.92447
0.78383
-0.65376
-1.99995
0.52289
-2.37047
0.27690
1.43421
-1.09253
-1.46234
-3.07758
-0.30705
-1.65855
-3.01565
-2.37708
-0.87604
0.22163
-0.47759
-2.05660
-1.88348
-1.05467
-0.86595
-1.91511
-0.42064
-1.14538
0.38768
-2.43017
4.67233
-2.13797
-0.14639
-0.75752
-3.04319
0.24389
-0.96407
3.10574
-1.22357
-0.51783
1.02320
-0.67721
-2.26773
-1.10244
-0.48667
-0.20266
-0.50781
-1.67135
-0.59055
-0.96383
2.01344
-0.19808
-0.97363
-1.31262
-0.57521
-1.92376
-2.83674
-2.32441
-1.32068
0.28828
-0.83669
-1.88310
-0.10729
0.21019
-0.83417
-0.03381
-0.72917
0.59001
2.33544
-0.34682
-1.19997
-2.66638
-1.79906
-0.19500
0.90835
-2.12371
-1.06191
-1.03348
0.50725
-1.51450
-1.48781
0.83970
-1.43006
-2.19508
2.39084
0.28546
4.17863
-1.94296
-0.98617
-0.51286
0.04965
-1.30148
-0.42324
-1.32903
-0.60047
-2.79802
-2.55127
-0.51179
-2.90917
-2.19922
-2.17116
-1.13309
-0.93069
-1.98179
-2.18716
-0.50183
1.60337
-1.96779
-1.36303
1.08491
-0.47176
6.16265
-1.59411
-2.12880
-1.94605
0.77063
-3.29657
2.48014
-2.76801
-2.08639
0.02412
-1.14895
-2.87811
-2.77212
2.60006
-0.15677
1.20206
0.55283
-0.20845
-1.22343
-2.57445
-1.83797
0.32998
-1.34433
-2.41183
-0.84029
0.26829
-2.47846
-2.72708
-2.49095
-2.10563
-0.89865
-0.46669
-1.25131
1.68015
-3.65133
0.79714
-1.05086
1.63124
-1.66143
0.39901
-2.90148
-0.88200
0.21653
-2.35725
-3.36916
0.00753
-1.32609
-1.76730
-1.65153
2.50503
-2.14697
2.99596
-1.97672
1.47728
-1.14679
-2.72118
-0.25987
0.45695
-1.72195
-1.54884
-0.16894
-1.08309
-0.27866
-0.42887
-2.25385
-2.16360
0.56351
-1.08469
-1.86249
-1.45339
-1.07504
-1.53599
-1.91381
2.99825
1.44669
-1.14177
-0.12976
6.23480
0.52755
2.21014
-1.04346
-1.13493
-1.01817
2.21467
-0.77622
-1.57764
-0.81548
-2.49556
-1.83770
-0.86683
-0.65717
-0.77206
1.20847
2.59316
2.42763
-0.70642
-2.34955
0.05921
-3.19766
-0.25780
1.13999
0.12094
0.26188
-0.15846
-2.38476
-1.47400
-1.40248
-0.40950
-1.35226
-1.15865
0.21676
-0.64414
3.67553
-2.30441
-1.41820
-1.40040
-1.76022
-2.28379
-1.57906
-2.58871
-1.50503
-0.99920
1.33699
-2.55909
-2.47152
-1.53023
0.51082
-1.49829
-2.28592
-1.59788
-1.23863
-2.05832
-2.37892
-1.12025
0.11395
-2.38181
-2.37575
0.55276
-1.48498
-1.17892
0.08188
0.22173
-0.38070
0.07726
-1.22765
-0.60669
-1.05083
-0.21585
-1.21253
-1.10689
5.48809
2.76931
-0.62462
1.40635
-2.65119
-2.14892
-1.10155
-1.57800
0.62177
-2.23090
-1.25236
-2.26521
-3.05438
-3.24099
-2.74435
-0.93113
0.68979
-2.53633
1.54685
0.22178
-2.04056
-1.47239
0.42013
-1.01822
1.15936
-2.00733
-0.24116
-1.49510
-1.73526
-2.54819
-0.93933
-1.59949
-2.15716
-1.87306
-1.52882
-2.27605
-1.52739
0.91153
1.28614
0.22324
-2.14950
-2.74229
-2.14003
1.27891
3.51328
0.96803
-1.17050
-1.04870
-1.15367
-2.06333
-0.56232
-0.60897
1.07082
0.12112
1.23928
-2.94573
1.15243
0.51248
-0.72109
-1.65249
1.45916
-1.44366
1.37126
-0.23379
-2.00634
-1.67636
-0.88928
-0.10637
-1.16764
-1.71443
-0.15531
0.58410
-1.89790
-1.66971
-0.93418
-2.20621
-0.12024
-0.40097
-2.11063
-1.90210
-1.09046
-2.77385
2.02315
-1.58894
-2.36010
-0.55427
-1.27136
-0.90033
-1.52594
-2.02470
-0.55154
-0.73854
-0.44299
0.29933
1.09802
-2.78441
-0.26461
-1.16625
1.07236
-1.36116
0.32593
-1.46712
3.11843
0.63702
-2.26431
-1.49220
-0.23420
3.04027
0.69108
-1.46204
-1.95570
-1.46723
-0.41850
-3.09910
-0.52072
1.63093
-1.43937
-1.74325
-1.99775
-2.13268
-0.75642
1.36315
-1.29925
-1.29566
-1.99566
-1.57484
-0.23910
-1.74155
-0.78967
-2.03259
-0.27573
-0.44857
0.65645
-1.76044
-0.74530
-1.21198
-0.62839
-0.46970
0.92688
-1.69239
2.00732
-1.50311
-1.28775
-1.68090
-2.12675
1.04791
0.44412
0.24419
-1.60265
1.20706
-2.31016
-0.17395
-0.95520
-1.59431
-1.34848
-1.76718
-1.79673
-1.63080
-2.24273
-0.70764
4.50985
-1.12200
1.53059
-1.32663
-1.28120
0.22976
-0.31773
-2.58888
-1.73265
-1.17364
-2.26089
0.02901
0.67592
0.70524
-0.75772
-0.44439
-1.55082
-1.18691
0.18997
0.87003
-2.66708
-2.41130
-0.83583
-0.85847
-2.62633
-2.40265
-2.58867
0.37150
-0.14351
-2.43119
-0.15953
0.29924
-2.50130
-2.49187
-1.42618
-2.73953
-2.26353
-1.18818
-2.30735
-2.39646
-3.09734
-1.01851
-2.27007
0.46883
-0.68664
-2.10432
-2.00677
-0.65360
0.12554
-0.10672
-0.68294
0.23186
-2.13830
0.93687
-1.19982
-3.35064
-0.38301
-0.06610
-2.60155
-1.29305
-1.26951
-0.05367
-2.52095
-1.97025
-3.38706
-1.61101
-2.34665
0.06682
0.25897
1.20050
-1.59520
-0.60077
-2.53811
1.27739
-1.63033
-1.39069
-2.02885
-3.05059
-2.75634
-2.89495
-0.58331
0.02020
-1.60935
-1.86433
0.00123
-1.66122
-0.21167
-1.53164
-1.97204
-1.08756
-1.19383
-1.96958
-3.14457
-1.47322
-0.68730
0.81816
-2.02094
0.15953
-2.01302
0.88207
-2.02659
-0.23205
-1.65087
-1.26349
1.71254
0.96286
-0.74413
-2.10844
-1.03648
-0.17198
0.78805
1.67196
-1.48600
-0.72713
-1.86772
-2.22502
0.40867
0.83741
-1.70253
-1.18527
-1.10779
-1.23298
-2.37818
-2.10997
-1.39322
-2.25696
0.64524
-1.82987
-2.52115
-1.89827
0.19064
1.35991
0.92454
-1.27666
2.84358
-0.92528
-0.72640
-0.59259
-0.25902
-2.64845
-2.55927
-0.12724
-1.25997
-1.19340
-1.44927
-1.43303
-0.36471
0.69587
1.16800
-0.26563
-0.36021
1.24344
0.99263
-1.90426
0.31996
0.17700
0.13625
-2.01383
-2.07947
-1.89074
0.16100
-0.86748
-2.34812
0.30132
0.21023
-2.29721
-2.50929
-2.23950
-1.91949
0.06794
-0.56280
-2.27113
-1.76584
-1.82449
2.86903
-1.98774
-0.46865
-2.18368
-1.32064
-1.18150
-0.63749
-1.85312
-2.72724
-2.52976
-1.37298
-0.70879
-1.46817
-2.37362
-2.34664
-2.20807
-0.16479
-1.27926
-1.70584
-1.63689
-2.21646
0.96592
-1.67967
-1.17902
-1.01224
-1.08476
-0.94428
1.55752
3.17519
-0.14071
-1.06716
-0.48148
1.16814
1.58744
-2.40791
-2.12273
0.00939
-2.26880
1.15054
-0.63540
-1.19700
1.59332
2.17520
1.55979
2.98251
6.04433
3.76128
2.16158
1.86494
3.64486
-1.93024
-0.34587
-0.90681
-1.32994
-2.35257
0.01584
-1.52212
1.89954
-1.80421
-0.22391
-2.40503
1.08152
-1.21793
-1.25561
-0.78760
-1.65835
-0.47098
-1.94737
-0.54917
-2.02503
-1.60344
-0.76459
-0.54850
-0.32951
-1.94188
-0.84453
-1.88441
0.71721
1.01113
-0.01579
1.87855
-0.28426
0.67029
-2.15694
-1.67481
-0.75329
0.35517
0.59909
0.52435
1.40423
0.79061
-1.14765
-0.65825
3.27327
-1.87220
0.78682
1.60225
1.28374
-2.31770
-0.56939
-0.77820
-0.73178
-2.67283
-2.66964
-2.44573
-2.21664
-1.19373
-2.87251
-2.09642
-2.25625
-2.26859
-0.24139
-0.61319
-2.38073
-2.85201
-2.79643
-1.69780
-2.28428
-1.42282
-0.19297
-0.05682
-1.49152
-2.04419
-2.34852
-1.34630
-1.57514
-2.36469
0.03451
-1.24719
-0.91395
-0.67289
-1.15090
0.21094
-2.12914
2.12743
1.40754
1.82840
-0.17172
-0.88317
1.32658
-0.73244
-0.95025
-1.50730
-0.94496
-0.87708
-0.82494
1.18181
1.89537
-0.85307
0.48572
0.20789
-0.37061
-1.67689
-1.49437
-0.36321
0.68312
-2.35296
3.05047
0.02512
-0.26766
2.18548
-0.47843
0.67075
-3.06644
0.52119
2.30206
2.34523
-1.97872
-1.48304
2.14381
0.76228
2.74623
1.76421
-0.63419
2.63272
0.91696
0.23715
-2.13790
-1.86384
-1.17297
-0.41694
-1.93876
-0.85265
-1.33374
-0.22804
-1.55151
-1.76771
1.22501
-2.50586
-1.54761
-2.10521
-1.06848
-0.42439
-0.69487
-1.24371
-0.78846
-0.83413
-0.36620
-0.55667
-0.72738
-0.59569
0.76451
-1.64470
-1.82523
-2.17509
-1.94013
-0.44031
-0.36234
2.04607
-1.45598
-1.58392
-1.59018
-1.28019
-0.01264
0.31692
-0.82580
0.55684
0.51965
0.08265
-1.04641
0.01129
-0.34288
-2.00144
-1.23392
-2.20418
-1.49856
-1.21160
4.02518
6.03088
-2.15561
-1.75783
-1.43648
-1.30338
-1.75889
-2.02405
-2.07339
-2.54219
-1.85025
-0.85246
-1.03042
-0.52689
-1.12180
-0.25988
-0.07333
-0.39485
-2.53581
-1.19977
-0.97011
-1.38949
-1.91186
0.97588
-2.53501
-3.05106
-1.29509
-2.60258
-1.07795
-2.00411
-0.83514
0.10939
-2.16829
-1.13839
-1.40729
-1.71210
-1.57795
-1.97057
-1.94991
-2.16394
1.67381
0.38317
-2.40694
0.59636
-0.47493
-1.77029
-0.54662
-0.30662
0.87555
0.55335
-0.72983
-0.30818
0.74195
-1.04300
-2.12270
-0.97018
0.19083
1.25545
-1.89425
2.33078
-0.98771
-1.89592
-1.80609
-1.15847
0.26914
-0.52956
-0.29379
-0.39572
-0.24435
1.10331
-0.61924
-0.76400
-0.35550
0.21653
-1.83319
0.39284
0.66958
1.54792
1.05490
-0.45294
-0.84166
1.98425
-0.96717
2.25643
-1.01023
0.10179
-0.06886
0.62741
1.09182
0.67289
2.33902
5.41726
1.36830
-0.11013
0.95588
0.70038
1.00481
1.58421
0.46098
-0.34002
-1.17794
0.03073
0.20361
0.66265
1.49159
0.95730
0.37871
1.59170
2.82461
2.48494
2.60953
3.22255
2.94289
0.90260
0.74308
-1.64658
-0.08076
-0.61210
-1.47161
0.54374
3.45525
1.73485
1.08744
2.51005
-0.10160
0.98837
-1.70057
-0.77413
3.62228
-2.54592
-1.22192
-0.47837
-1.01019
-2.34597
0.11599
1.99691
-1.43453
-0.70199
1.06113
0.33636
1.34788
-0.69033
0.43894
0.46424
1.35684
0.77545
-2.95615
-1.61529
-0.81540
1.11447
-1.03890
-1.12916
-0.42170
-2.30080
-0.59024
-2.79126
-0.93657
-2.99001
-1.25987
-1.25802
-1.67053
-3.60560
-2.33036
-2.00143
-2.25918
-1.93165
-1.34724
-0.81192
-1.47555
-1.99144
-1.79164
0.00346
-1.74092
-1.24697
-1.44461
-2.28800
-1.94834
-0.43732
-0.16108
0.42610
1.07627
-1.51483
1.12379
-1.18817
0.52541
-1.83527
-2.53088
0.64846
0.90334
-1.91945
-0.99903
-2.63821
-1.07647
-0.68937
5.48281
-2.38904
-1.64586
0.61417
-1.71554
-0.99562
-0.43846
-0.11836
-0.86910
-1.21884
-2.61519
-1.27782
-0.61173
-3.38056
-2.93903
-0.36303
-1.85965
-3.08329
2.72024
-2.16972
-2.67833
0.08411
-1.75129
-1.48294
2.25991
-2.80325
0.89559
-0.20608
1.00126
2.25087
0.82527
-0.62513
-1.66142
-2.06803
-0.75780
-2.26629
-1.63342
-1.05312
0.79160
-3.05859
-2.57473
-0.96149
-1.72385
-0.72144
-2.46456
-2.08390
-1.12508
-2.50999
0.02118
-1.47823
0.04478
-0.60325
-1.10699
-1.49650
1.38989
-0.35465
-3.49987
-1.24667
-2.26443
-2.87946
-0.81507
-2.37309
-0.01809
-1.83477
-0.00580
-2.38058
-0.71914
-2.15374
0.59789
-0.42326
-1.35533
-1.10084
-0.49733
-2.37625
-2.92446
-2.44739
-2.58735
-2.48553
2.28727
3.95277
4.31284
0.04571
-2.42897
-1.33072
-0.93258
4.00318
-0.39167
-2.68711
-0.47466
-0.05517
-1.82203
-1.07986
-1.89750
-0.76951
1.51038
0.48473
-0.30353
-0.78607
-1.84345
-2.95366
-0.85712
0.19459
8.27253
0.89581
1.08123
2.51950
0.75023
-1.83966
4.64618
0.68198
0.31147
-0.30224
0.80748
1.15444
-1.34201
-0.13941
-1.11949
-0.24953
-2.19238
3.26055
1.48469
-3.30206
-2.61857
4.48017
-0.18189
-0.56619
-0.43990
-1.74860
1.49295
-2.14416
-1.21324
1.01795
0.88447
0.09733
-1.99661
-3.23266
-3.28136
-0.97781
-0.80583
-1.80715
-2.13586
0.14225
0.88045
-0.69456
-0.45330
-1.98634
-0.96476
2.32567
-0.61586
-1.73789
1.08720
-1.54988
2.76741
-0.57806
3.01147
1.51301
-1.14175
-2.01194
-1.15512
-1.32773
-0.08055
2.50675
-1.58838
-0.32569
-2.53336
0.33302
2.20769
-2.35581
-1.53939
-2.84669
-2.60410
-0.05056
-1.35561
-1.60917
-0.68142
-2.64670
-1.57307
-0.53962
-0.62690
-0.98988
-0.23179
-0.49334
-2.74086
-1.65874
-1.20307
-1.82535
-2.26025
2.32084
-1.84306
-1.93738
-2.14248
-0.75830
-2.39667
-0.15859
-0.53258
-3.47173
-2.16950
-2.05696
-1.46319
-0.55823
-1.75027
-1.31310
-1.77753
-2.84665
-3.35888
0.99996
-1.61770
-0.79841
-3.02446
-2.67640
-3.12731
-2.36350
-3.39609
-2.88291
-1.47494
-2.10864
-2.31623
-1.75361
-2.59424
-1.19949
-0.47255
-1.34895
-1.04689
-1.80337
-1.12596
-3.21543
-2.60511
-1.37717
-1.12364
-1.71354
-1.80471
-2.72098
-1.06716
-1.00134
-2.16694
-1.71325
-0.34655
-1.10361
-0.83864
-2.72420
-0.52357
0.05908
-1.78250
0.48273
-2.31424
-1.26910
-2.07569
-2.98226
-2.38532
-1.07796
-3.26634
2.68054
-2.45685
7.46083
-0.44651
-0.11205
-1.45755
-1.34675
-2.87278
-2.35085
-2.33747
-1.83380
-1.51942
-3.30993
-1.87578
-0.43255
0.21032
-2.57010
-0.60909
-0.90298
-2.69500
-0.44416
-0.68022
-0.36562
-0.31246
-2.72563
-2.96240
-0.74787
-3.20899
-3.25366
-2.65501
-3.04523
-1.28641
-1.09733
-1.66433
-0.50959
-1.21540
-0.88848
-0.55711
-3.57268
-0.95235
-0.87266
-0.95194
-0.54690
1.74409
-0.35135
-1.15402
-1.88906
-2.44263
1.88180
-1.94349
-2.56928
1.21105
-1.89972
-2.42255
-3.25285
-1.43911
-3.00897
-2.46931
-2.16804
-2.54909
-2.84290
-2.48233
0.25016
0.86706
-0.10086
6.11345
0.11277
-0.62413
-1.96948
0.37326
-2.94530
-3.56688
-3.76125
-2.85312
-2.43606
-1.79155
-1.37244
-1.61734
-0.51750
-0.70284
-3.87985
0.57959
-2.12213
-2.02156
-2.19107
-0.55412
-2.51891
-1.45422
0.68319
-1.61758
4.89502
-0.94940
-0.30662
-2.80065
0.07473
-2.93451
-2.27093
-2.12792
-1.74668
-0.60367
-1.11982
-0.14857
-0.14979
-1.98912
-0.53820
-1.36834
-2.07150
-2.01621
-1.70377
-1.10470
-1.72842
-0.35747
0.35481
-0.51060
-2.06080
-0.59510
-0.16963
-2.63823
-0.98906
-0.25836
0.70043
0.47452
4.86759
-1.73141
-0.24255
-0.33749
-0.53978
1.42979
0.02093
-0.18979
-1.30546
0.70075
0.87015
0.79204
0.39427
0.06508
0.58937
-1.33896
1.80504
-0.25808
-0.71385
-0.38374
-0.93538
-1.08970
-1.58913
-0.89253
-1.66577
-1.56916
-1.16860
-1.16338
-1.37739
-1.33401
-0.99039
0.09153
0.22505
-2.24318
-1.83353
-0.59844
-1.06968
-0.01325
-1.99622
-1.60605
-1.62545
-2.26065
0.44026
-1.03585
-1.51984
-1.57916
-0.70826
-0.78511
-2.40273
1.28982
-0.32393
-0.48385
-2.24090
0.42084
-1.67675
0.78016
-1.73758
-1.90969
-2.06349
-1.84904
-1.67182
-1.71635
-2.17087
0.43676
-2.34553
-1.82112
-1.76537
-1.56006
0.77329
0.00458
-0.60257
-2.29258
-1.93283
-1.29965
0.00575
-2.71942
-1.00330
-1.75204
-3.00974
-1.35183
-2.85789
-2.78513
-2.62004
-0.20410
-0.81853
-2.15971
-2.12860
-2.36758
-2.17899
-1.28699
-2.81927
-2.19746
-1.88397
-1.41008
-2.84822
-2.10247
-0.59482
-3.36309
-2.94056
-3.37045
-2.28852
-0.82563
-3.44426
-2.64478
-0.13619
0.41961
-1.92626
-1.32792
-2.45368
-2.09984
-0.14652
0.66525
0.85568
-1.41739
-1.78967
-2.32561
-2.49487
0.11856
-1.59743
-2.00506
-0.24892
-1.84233
-0.97761
-3.15454
-3.19564
-0.69654
-3.23909
-2.20306
-1.27308
-2.08055
-1.00228
1.98928
-1.47850
0.24483
-0.61290
-2.42326
-1.07326
-1.80183
-2.16068
-2.47018
-2.97474
-1.28696
-1.97621
-0.48086
-1.40472
0.37233
-1.46285
-1.86576
-0.52771
0.02490
-0.63531
-1.92285
0.00770
1.72964
-1.85581
-1.52785
0.34426
-0.55515
-1.37697
0.25349
-1.26161
-0.46299
-1.84311
0.71992
-1.14608
5.81275
-1.48376
-2.75802
-1.13283
-2.75485
0.26413
-0.30615
-1.15203
-2.13085
4.97185
0.14594
-0.63222
-3.08385
-1.67179
1.69608
1.25372
0.52398
0.60692
-0.28475
-0.93981
-0.51250
-0.51787
-1.39411
-0.25965
-1.11996
4.08010
3.03795
0.75228
-0.08049
-0.03329
-0.82823
-0.21020
-0.08779
2.28407
-0.68009
2.05693
-0.21624
2.34281
-1.79630
0.55120
-0.35460
2.18364
-0.26224
-2.36225
-0.84518
-2.47174
2.18929
-0.14927
-2.12058
-0.77119
-2.82267
-2.90214
-3.14873
-2.07633
0.04889
-0.10526
-0.65256
-3.65897
-3.06591
-2.01448
0.60516
-0.40103
-0.78797
0.74010
0.57970
2.27313
-1.26537
-0.07708
1.66883
1.50299
-2.69997
-2.76847
-1.30757
-1.98714
-0.26765
-1.65651
-0.83383
-0.46065
-2.29147
-2.56166
-1.83727
-2.13594
-0.86103
-1.69060
-0.30794
1.96865
3.61319
-1.08147
0.42646
-2.36277
-0.81677
-1.42488
-1.39966
-0.72980
-2.43070
-0.19306
-1.74934
-2.03953
-2.43176
-0.00336
-1.93403
-2.09326
-2.27455
-1.28873
-2.53060
-0.67765
-0.56015
1.54922
-1.83735
-2.11105
-2.51130
-2.88371
0.57707
-2.14936
-2.63639
-0.08451
0.81496
-2.81408
-0.85366
-0.01506
-0.25026
0.13652
-3.21739
0.37343
0.51662
-2.57251
-2.78103
-2.95800
-1.51255
-0.79498
-2.77060
-2.28132
-0.84956
-1.21307
-2.78728
-2.00805
-0.10359
-3.07219
-2.84153
3.10008
0.60973
-0.84135
-2.27679
-3.73408
-0.33383
-0.41975
-2.90874
-2.26940
0.86125
-0.90722
-0.67930
-1.09482
-0.06341
-0.57581
-0.58760
-2.95154
-3.07586
-2.55948
0.43267
-0.34338
-1.38857
-0.74519
-1.61533
-2.06351
-1.42305
-1.31815
-3.26957
-3.02729
-1.51255
-1.24566
-1.87111
-0.10625
0.76780
0.30356
0.28978
-0.58706
-1.13188
-1.05325
-0.95151
-3.15830
-2.68172
-2.79181
-2.77611
-3.44826
-2.22404
-1.77904
-2.51558
-3.18540
-2.14572
-0.78845
-2.15551
1.72464
1.15563
-0.79370
-0.65660
-1.06674
-0.64983
-1.19111
-0.59375
-1.05243
-1.22785
-1.68385
-1.42723
-1.55673
-2.19557
-1.81364
-1.57119
-2.28113
-0.09727
-1.00623
-1.10109
-1.40567
0.24648
-0.47614
-2.20236
-0.10442
-2.46480
-2.98538
-1.98316
-3.30216
0.02193
-1.78222
-0.14693
-2.35532
-2.52572
0.15481
-2.28263
-0.01954
-0.09441
-2.43089
-2.28332
-2.15134
-0.62002
0.02297
-0.39019
-0.87032
-1.63501
-0.79783
-0.98670
-1.11272
0.20458
-1.55885
-0.86872
-1.94889
0.58678
-2.89294
-2.30691
-1.92587
-1.91998
-1.59795
-1.46004
-2.29219
-2.68067
-2.77619
-1.68226
-1.80341
-3.02471
-1.16016
-2.03266
-0.30530
-1.74191
-3.10019
-2.16993
0.81185
-0.70011
-0.53728
-0.72760
-1.91653
-1.54542
-2.68367
-0.00288
-2.61408
-0.70341
0.30461
-0.54307
-2.25604
-1.77473
-1.08170
-0.58585
0.46550
-1.85794
-1.87152
-1.32149
-1.81069
2.95172
-2.35820
-3.13918
-1.84435
-0.41130
1.37126
0.58580
-0.92149
0.16691
-0.70139
-2.54285
-0.76445
-1.58655
-2.09893
-2.30069
-0.89075
1.81678
-0.64268
1.55017
1.50931
0.03227
2.25582
0.84210
1.59244
3.11505
3.37460
2.38805
2.30654
1.37970
0.96360
2.29804
-0.24768
1.00045
-0.27258
2.00866
-0.32727
-2.09308
-2.63568
-2.60101
-1.69432
0.39694
2.57164
0.11696
0.22388
-3.36341
-0.08506
-0.46053
0.73160
-2.93729
-1.47581
0.21127
-2.20538
-1.61502
-2.97561
-1.98539
1.39848
0.72272
-2.38203
-2.81021
-2.16175
-2.54570
-1.87298
-1.69491
-2.05018
-1.38566
-1.05910
-2.10867
1.27474
0.35987
-0.44937
-2.05718
-1.81226
-2.18398
-0.80670
-2.50876
-0.51793
-1.34455
-0.58309
1.37670
-0.23619
1.20859
0.22251
0.59965
1.32007
-1.21308
-0.46583
-1.54852
-1.15757
-0.00875
0.75373
-1.58217
0.08110
-1.28643
-1.92237
-1.45449
-2.53469
-2.05513
-1.91665
-1.76516
-0.69864
0.24661
-0.27383
-1.62950
-2.03449
-2.85748
-2.61192
-3.08810
-2.94299
-2.59479
0.40470
-3.00258
-1.06792
0.62172
0.09009
-2.20355
-2.38042
1.58639
0.85542
-2.33365
-2.72792
-1.68586
-1.96900
-1.04028
-0.13340
-2.57338
-2.60495
-2.10932
-1.68354
-1.18384
-2.84589
-1.62867
-2.28919
-2.85477
-0.49749
0.30678
-1.92345
0.02743
2.83812
2.81458
1.45104
2.80610
-1.88433
-0.12554
-1.03730
-0.59770
0.71095
0.45534
-1.21726
-0.76221
-1.73269
-0.57700
-1.25359
1.77083
-0.43856
0.47524
0.84656
-1.80969
-1.90232
-2.12458
-2.06878
-0.15176
-0.85178
-2.16766
-1.86411
0.22760
-0.40314
-0.50817
-2.10575
-2.36099
-2.20999
-1.68554
-1.60478
-1.14996
-0.29536
-2.53568
-1.88572
-2.76215
0.42955
0.62019
1.43664
-0.00141
-1.80152
-0.06978
-0.41732
-1.51219
-1.92493
-1.61754
0.16431
-2.43412
-2.77535
-2.32069
-2.27808
-2.54772
-2.58551
-2.27884
-1.72640
-2.10256
-0.99201
-1.60239
-2.04779
-1.15428
-1.65688
-2.91456
-2.06738
-2.14840
-2.34573
-1.37175
-0.52035
0.14027
-2.34522
0.02043
-1.76359
1.40735
-0.72903
-1.29562
0.40527
-1.57640
-0.65887
-1.48034
-0.22773
-0.23676
-0.50850
-0.10969
0.84040
-1.16832
-1.41167
-1.02107
-0.30573
-0.35885
0.13360
0.08149
-0.95817
0.14426
-0.29331
-1.45919
-0.24382
-0.68621
1.27987
-1.47396
-1.26144
-1.14951
-0.54707
0.50169
0.05302
-1.81830
0.13882
-0.41544
-2.46838
-2.19418
-3.03310
0.14190
0.17762
-0.30965
0.95866
0.47984
-0.72333
0.81459
0.90547
-2.77073
-0.39939
-0.74827
0.11177
1.17440
-1.24841
-0.48869
2.31860
-2.38600
-2.24195
-2.27351
0.40195
-2.05662
-1.58628
-1.29421
-1.17304
-1.19990
0.34538
0.45466
1.14309
0.09485
1.07227
-1.08289
-0.58856
-0.78056
0.08547
-2.16978
-1.13047
-2.03092
-0.07803
-2.14078
-1.24632
-0.95087
1.03909
-0.69949
-0.36486
-1.13154
0.52651
-2.20696
-0.49283
0.11401
-0.46957
-0.59406
-1.49062
-2.12117
-1.94571
-0.73749
-1.23855
-1.06192
-0.09914
-0.82848
-0.78610
-1.99128
-1.85059
-0.80713
-2.01216
-0.84701
-2.07972
0.16493
0.39149
-0.43757
-1.07415
-1.16323
0.24156
-1.96565
-1.99705
0.46712
-0.85526
-0.63310
-1.80260
-0.73574
-1.05371
-2.50860
-2.21126
-0.06760
-1.77315
-1.25935
-1.42655
-0.14955
-2.47847
-2.48369
-2.21631
-1.84586
-0.98019
-0.64395
-1.71400
-2.08932
-2.13707
-1.25360
-0.83086
-2.08881
-1.86464
-1.02148
-1.55943
-1.58655
0.26639
-0.62476
-0.09261
0.87839
2.63582
-2.27996
-1.51215
0.96348
0.85974
-2.35045
-2.02545
0.07664
-1.99125
-2.54233
-2.74127
-1.67134
-2.81047
-1.27020
0.17362
-0.15205
-1.81466
-1.56719
-1.40967
-2.02940
-2.61224
-1.91943
-2.45593
-1.02113
-0.12143
0.47673
-2.03342
0.43458
0.47865
1.35539
-0.24389
-1.08869
-1.99794
-1.53737
-2.19161
-1.98777
-2.58250
-1.02468
-0.13237
-0.52239
-1.57585
-2.44226
-1.82931
-1.49171
-0.63426
0.95311
1.24959
0.62279
1.82359
2.31756
-1.08316
0.39101
1.07750
0.95676
1.53136
-0.29687
-0.41142
-0.06437
0.63692
-2.44997
-2.40817
-1.72122
0.29268
1.44992
1.49729
-0.13399
-0.85036
-0.71179
-0.50774
-1.79652
3.40620
1.83940
2.41923
1.63588
3.10903
-0.66147
-0.09675
1.16566
1.67551
0.18162
1.82658
1.48660
1.08365
1.91414
2.56472
1.91814
2.44059
2.56767
2.56879
2.04555
1.62727
1.37999
-1.04154
-1.00176
-1.97245
0.76678
0.03200
-1.15378
-0.86515
-1.50419
-1.43624
-1.16014
-1.39734
-1.12795
-1.21312
-0.13791
-1.11666
-0.45653
0.59502
-0.73043
-1.81348
-1.68192
-3.30673
-0.53330
-0.99273
-0.73151
-0.40264
0.95897
0.04237
0.46134
0.18445
-0.58342
-1.28279
-0.86734
-1.80832
1.13218
-1.16656
-0.40308
0.21585
-0.91739
-0.57280
0.28839
2.12501
-0.63344
-0.00432
-1.09813
-1.52924
0.92022
-2.20619
-0.02083
-0.61271
-1.09212
-2.48752
-2.20668
-1.14413
-2.69563
-1.48298
-2.70995
-2.48705
-2.75661
-1.82501
-2.02125
-0.34478
-1.95892
-1.83367
-1.08601
-1.01673
-2.15321
0.02239
-0.20413
-2.06347
-2.24413
-3.06445
-0.52672
-1.85023
-0.63811
-2.10464
-2.48164
-2.80075
-3.23222
-2.33306
-2.07517
-1.60305
-1.90385
-0.91230
-1.45455
-0.36568
-0.38092
2.25923
1.56349
1.56637
0.65854
-2.20873
1.48011
-0.74490
0.20188
-2.45857
-0.86395
0.01932
-0.16829
-1.31678
-0.16381
0.86955
-0.53346
0.37853
0.57189
-1.32734
0.32997
-1.28724
-0.91581
0.39590
-0.81585
2.24001
-1.48557
-3.25541
-0.73323
-1.48947
-1.31255
-1.57384
-1.01050
-2.22779
-0.64432
-1.08016
-0.92126
-3.09027
-2.76473
-2.18149
-2.74897
-1.81339
-0.79686
0.15440
0.39210
-0.45230
0.78352
0.24717
0.11565
-0.52996
-0.66426
2.05223
-2.41173
-2.30293
-1.26537
-2.73823
-0.98381
-1.58795
-2.32868
0.42155
-0.16517
0.71178
-2.65848
-0.06020
1.13218
2.08890
-0.32742
-0.13127
-1.09495
-1.74464
-1.85628
-1.71094
-1.02392
-0.90545
1.62677
-1.99108
-2.02060
-0.49600
-2.26973
-2.34582
-1.10500
0.50870
0.37975
1.00734
-0.44936
-2.30108
-2.08193
-1.04234
-2.32328
-3.03432
-1.89051
0.81348
-1.47233
1.60701
1.78692
1.44449
-0.76785
-1.21050
-0.86879
-1.69304
1.08640
-0.24030
0.35728
0.15886
0.47340
2.06032
-0.19066
-1.89550
-2.04519
0.51056
-1.34225
-0.26065
-1.25953
4.09197
-0.42528
0.70173
-0.79597
1.11789
-0.29673
-1.62953
-0.20094
-0.31489
-0.32531
1.70404
0.22900
-1.27395
-1.70281
-2.12744
0.79718
-0.98419
-2.61631
0.22140
-2.66984
4.40969
-2.05588
-1.06195
0.76427
-1.48232
-3.02243
-2.15106
-3.41567
0.06447
-1.51594
-1.35073
-1.35023
0.22642
-1.81516
0.57284
-3.00423
-1.68922
-2.60289
-0.31001
-0.61584
1.49254
0.58661
-1.45549
-0.41000
-1.75235
-0.38111
-1.00927
-1.28517
-0.32473
0.13259
-0.65956
1.96788
0.90623
1.93688
-1.81161
-1.96330
-0.81467
-1.89482
-0.28706
1.52101
-1.05102
-3.68925
-2.96402
-2.74906
-2.02885
-2.96824
-0.35909
0.17071
0.14183
-2.16246
-1.93858
-2.48709
0.46175
1.86898
-1.85809
-2.03113
-1.90088
-0.87049
-1.50188
-0.70667
-2.03169
-1.56720
-0.69522
-0.63122
-1.23060
-1.62140
-2.08834
-1.20225
-1.94137
-0.89672
-1.69411
-2.60620
-2.11650
-0.60347
-1.83493
-2.51758
-1.99675
-3.35494
-2.28060
-2.65220
-1.89434
-1.04946
-0.45309
-1.45744
-1.83430
-2.50401
-0.12004
-0.66803
-2.16126
0.82161
-1.87042
-0.69536
-1.38673
-1.62582
-1.72911
-1.64624
1.07820
0.04029
0.97368
-0.48596
-1.49244
1.65193
-0.78792
-0.19629
-2.34695
-1.15081
-0.90897
-2.07325
0.19659
-1.78994
-2.00547
-0.88980
2.11818
2.04231
-1.70898
-0.79834
-3.39715
-3.36648
-2.70488
-2.23659
-2.21891
0.38724
-1.92476
-1.92142
-3.01315
-2.09939
2.41683
-0.35894
-0.77844
-0.80248
1.20746
-2.71816
-2.01619
-1.84349
-3.23656
-1.93344
1.50884
0.11982
-1.43023
-1.53019
2.48944
-0.44644
-1.22315
1.41870
1.65807
1.43770
2.12105
-2.70580
-1.32552
-1.62282
-1.56525
-0.63616
-0.91466
-0.97437
-0.65776
-3.17311
-3.31009
0.28521
-0.05743
0.27232
-0.97156
-2.83852
-1.77646
-2.49994
1.00808
-1.70882
-1.47345
1.19848
1.46659
-0.09992
0.19008
-1.31404
0.04660
-2.14474
-2.19999
-2.66970
-2.40989
-1.50365
1.20500
-1.55864
-0.96818
-1.43976
-1.16829
-2.18345
-0.83885
0.03605
-1.81780
-2.83258
0.70181
-0.27349
0.69483
3.37187
2.06738
-1.02526
3.14920
4.09072
-1.92187
-1.63721
-1.94836
-1.54029
14.00399
-1.13128
-0.97525
0.24227
-2.94600
-0.99617
-2.74146
-1.63090
-0.39090
-0.39068
-1.35505
1.54150
3.41816
-1.28552
-1.56496
0.35847
-2.22130
1.11405
0.63234
-1.58971
-2.75078
-1.04240
-3.03704
-0.39049
-0.82635
-1.08006
-0.87630
-3.41537
-1.59733
0.25045
-0.94466
-3.24100
-1.12838
-0.94104
1.08247
-2.99511
-2.88101
-1.05146
-0.54940
-0.93478
-1.57888
-1.85313
-0.79347
-3.37397
-0.55790
-1.87520
-1.11934
-1.52383
-2.52946
0.21361
-1.98897
-0.46138
-1.22135
-2.07304
2.79147
-1.23308
0.16965
-0.48499
-1.26284
-1.31680
-1.99827
-2.15039
-0.77884
-2.83149
-2.02060
0.59450
-0.52832
-2.00597
-2.05724
-1.90092
-1.65276
-2.13001
-2.14101
-0.88299
-0.63711
-1.35093
-1.21069
-1.29741
-2.14160
-2.66017
-2.93334
-1.94365
-1.56334
-2.55319
-2.70809
-2.13598
-2.68364
-1.89254
-1.00826
-3.05677
-3.46144
-2.71404
-2.67241
-2.29177
-2.16901
-1.45362
-2.16270
-1.56701
-0.57831
-2.72064
-1.30379
-1.12122
-2.79493
-1.89836
-1.84463
-1.63188
-2.84056
-2.41332
-2.22189
-2.77193
-1.63122
-2.24523
-2.19599
-2.28561
-3.00785
-2.79506
-2.58716
-2.00405
-1.91591
-2.63901
-2.88332
-2.20119
-2.88873
-2.64880
-3.08512
-2.61466
-1.07813
-0.91775
-2.87254
