-4.84317
-5.65495
-5.75730
-5.95778
-6.69274
-5.88588
-4.35085
-4.61900
-6.35313
-6.77867
-6.52337
-6.36632
-6.12332
-5.61357
-4.23666
-5.90177
-6.23944
-5.80995
-6.70929
-5.65590
-6.98002
-6.60134
-3.89685
-3.99124
-6.24637
-6.09239
-5.76369
-6.19594
-6.34511
-4.42558
-6.05470
-6.07953
-6.40548
-6.13031
-4.24243
-4.78681
-4.50525
-4.79007
-5.22900
-4.62808
-5.77677
-4.22468
-4.52433
-3.51032
-5.49671
-5.82963
-3.65576
-4.75203
-3.40910
-4.71004
-5.84921
-5.50938
-4.48399
-5.42097
-4.09592
-4.41373
-5.16429
-5.52651
-4.50606
-4.84504
-4.31564
-4.76863
-3.05964
-5.31403
-4.34598
-4.86378
-5.10688
-4.95673
-4.39195
-4.06463
-6.20085
-5.41555
-6.47751
-4.81684
-5.21537
-3.61407
-5.05987
-4.00273
-5.76787
-5.60657
-6.17030
-5.87633
-3.57995
-6.39252
-3.62372
-6.27516
-5.33571
-3.97063
-6.15152
-5.51328
-4.63059
-3.90738
-4.77922
-5.57033
-6.45311
-4.65148
-4.32797
-4.10504
-4.50904
-5.55871
-4.93173
-3.76399
-5.00202
-3.01403
-4.94010
-5.07047
-4.60436
-4.76004
-4.34342
-4.77958
-5.34177
-3.50287
-4.26042
-5.32899
-3.86633
-4.96977
-4.43975
-5.82459
-4.11244
-2.68670
-4.65159
-5.01525
-4.21231
-5.35788
-4.65207
-5.86665
-4.10212
-5.02924
-5.49011
-5.64219
-5.78131
-4.97774
-5.04745
-5.20944
-4.13482
-6.22536
-3.83651
-5.40690
-4.60713
-4.16232
-5.25699
-5.34015
-6.26029
-4.38528
-5.36198
-4.73817
-5.13747
-3.70329
-4.00464
-4.81820
-4.20955
-5.35798
-5.97699
-4.78622
-4.60868
-3.56260
-5.01320
-4.70967
-4.98876
-5.08604
-5.86449
-4.66905
-3.65455
-4.91687
-5.95695
-3.57458
-5.86259
-5.21329
-4.56999
-5.42521
-5.88184
-5.86654
-6.24757
-5.02465
-4.82061
-6.04133
-5.39982
-5.06039
-4.34803
-5.99719
-5.04823
-4.86549
-5.66764
-5.05951
-4.65880
-4.01559
-6.11013
-4.55891
-5.10066
-2.89653
-4.50837
-4.27056
-5.01755
-4.85721
-5.69310
-5.22581
-6.29575
-3.95251
-4.29937
-4.35782
-4.20138
-4.69447
-4.08680
-5.65708
-3.16701
-4.54294
-6.57192
-4.29739
-3.82412
-5.64507
-4.23898
-6.28324
-5.25169
-5.03483
-5.50685
-4.82055
-4.43297
-4.52138
-5.23220
-5.04897
-4.26542
-5.32745
-5.26706
-3.49366
-4.72167
-5.41736
-5.97026
-6.27816
-5.44226
-4.26561
-4.94571
-5.67725
-3.78598
-5.53792
-4.42230
-6.25338
-3.53569
-5.03428
-5.08799
-5.11706
-6.52281
-5.66308
-4.50455
-4.63556
-6.28849
-5.01459
-3.54339
-5.36068
-5.22116
-5.06826
-5.64185
-4.08716
-6.12902
-5.65121
-4.06029
-5.28978
-3.56662
-5.92948
-6.16406
-4.73003
-4.40719
-4.49048
-4.64730
-5.28528
-4.63322
-5.32477
-4.99601
-5.92977
-5.28013
-4.21889
-5.40209
-4.74641
-4.88269
-5.00394
-5.70550
-5.26233
-4.82141
-6.44500
-5.54342
-5.16755
-5.53194
-5.73423
-4.39195
-4.88745
-4.06924
-5.33730
-6.34994
-5.39024
-4.76825
-4.71630
-5.39351
-5.13513
-5.53402
-5.60265
-4.21590
-5.94138
-4.53533
-4.18701
-5.18977
-5.05172
-4.53681
-4.73295
-5.84644
-5.22805
-5.54364
-5.93020
-5.40723
-5.15142
-6.06051
-4.95699
-5.02750
-5.21253
-4.94352
-4.66801
-4.72225
-5.74415
-4.38058
-3.83713
-5.16408
-5.50200
-4.66032
-4.97808
-4.29012
-5.51218
-4.89252
-5.57310
-5.78145
-4.77171
-4.57681
-4.63941
-3.64341
-4.56054
-5.86486
-4.67878
-5.88966
-4.75117
-5.30199
-5.49401
-5.11792
-3.80818
-3.89510
-5.57670
-4.54906
-5.76587
-4.78489
-4.18395
-5.77773
-3.91618
-2.52469
-5.65030
-5.79797
-3.98731
-3.46208
-3.34681
-5.73095
-4.36544
-4.81558
-3.70327
-5.05340
-3.76119
-5.30323
-3.54596
-5.04697
-4.99040
-5.72357
-6.33137
-4.81163
-5.39548
-5.79177
-3.93373
-2.63148
-4.39327
-5.43195
-6.56031
-4.77530
-5.02022
-5.02833
-5.68600
-5.45350
-4.28977
-5.60235
-5.17232
-5.75375
-5.39303
-5.86366
-4.38168
-5.13538
-4.72255
-5.00245
-5.78612
-4.85031
-4.71239
-5.30341
-5.35790
-4.06548
-6.77467
-7.09463
-6.04824
-5.72024
-5.70939
-4.08393
-4.64059
-5.83993
-6.32980
-3.82002
-4.25729
-4.43896
-4.63832
-3.69690
-3.81036
-4.99546
-4.93001
-4.32855
-5.35464
-5.29034
-4.65140
-4.54189
-5.52208
-5.91614
-4.79674
-4.55692
-4.47543
-4.38655
-5.04294
-4.02245
-6.08364
-6.23225
-3.33224
-5.20218
-5.92564
-5.12234
-3.53901
-5.64028
-5.17486
-3.11053
-5.94461
-4.54630
-5.69092
-3.56338
-4.90895
-5.94730
-5.82255
-4.40510
-4.11972
-4.59980
-5.81273
-3.81937
-4.89023
-6.20185
-6.49457
-5.18259
-4.17607
-5.61484
-4.31943
-4.35303
-4.10506
-4.77295
-3.84794
-5.43774
-3.93524
-4.78225
-4.89570
-6.08932
-4.45047
-5.01950
-3.90173
-3.62666
-5.20147
-6.27538
-5.85644
-4.95207
-5.12798
-4.16803
-5.03116
-3.87553
-4.73466
-5.26922
-5.52552
-4.45859
-4.43115
-4.65920
-4.95764
-4.69309
-4.43646
-5.53192
-5.17039
-3.30484
-4.77052
-4.37963
-4.49423
-4.87416
-4.58580
-5.52642
-5.32004
-4.69352
-2.85185
-6.11227
-4.04335
-5.09506
-5.76557
-4.91620
-4.56577
-4.46586
-4.88188
-4.05956
-5.67451
-5.45224
-5.05455
-3.44838
-4.61015
-3.42746
-4.66391
-5.16886
-6.18695
-4.33700
-5.15727
-3.41801
-3.89690
-3.60695
-5.01893
-4.22937
-5.98474
-5.14153
-5.80561
-6.14605
-4.80889
-5.60189
-5.23340
-5.45306
-5.37773
-5.68526
-5.57292
-4.94118
-4.31232
-5.07603
-3.76557
-3.34592
-4.54471
-5.09657
-4.78059
-4.11167
-4.93876
-4.34684
-4.76564
-5.24947
-6.05980
-4.64566
-5.55449
-4.74753
-5.14510
-6.12409
-5.96662
-3.60749
-6.27882
-4.92798
-4.74764
-5.74256
-5.36879
-3.50870
-4.26018
-6.30204
-6.23353
-6.25034
-3.61782
-5.38106
-4.26017
-5.05439
-4.25494
-3.81771
-4.52348
-5.03093
-5.66754
-4.31172
-4.77095
-5.97574
-5.53383
-4.53430
-5.27022
-4.69903
-2.89381
-4.52328
-6.06432
-6.04575
-5.40394
-4.47905
-5.41798
-5.91263
-4.77321
-5.61013
-5.70661
-4.63681
-6.25810
-6.01845
-5.60710
-6.34161
-5.95410
-6.87570
-5.41960
-5.62711
-6.31399
-4.30010
-4.94008
-5.79643
-4.15051
-4.89188
-4.35259
-4.49738
-6.34213
-4.73285
-3.30597
-5.29857
-4.16403
-6.34698
-5.10549
-4.75514
-5.55767
-5.64543
-4.92194
-6.24582
-5.46113
-5.22116
-5.70367
-5.00467
-5.01051
-4.20870
-5.92757
-4.78856
-5.42466
-5.74220
-5.43182
-5.40202
-5.28093
-5.10183
-4.40453
-3.02674
-4.58432
-4.68069
-3.90708
-4.27129
-4.33672
-6.43119
-4.13195
-4.85990
-5.79881
-5.41565
-4.98535
-5.45451
-5.27974
-5.40598
-4.92688
-5.14510
-4.86700
-6.39087
-5.37938
-6.36746
-4.73272
-4.90878
-5.19809
-4.65934
-6.49659
-5.00460
-5.72671
-4.85027
-5.69750
-5.24286
-5.22395
-4.82993
-5.21044
-4.67118
-5.11158
-5.23647
-5.69042
-5.08522
-5.03683
-4.86209
-6.07423
-5.72549
-4.53787
-4.97921
-4.17791
-4.40188
-4.98589
-6.01143
-5.06826
-5.57943
-5.60124
-5.14399
-4.15441
-5.89707
-5.66534
-6.06809
-6.53242
-6.02288
-4.72805
-3.61360
-3.49492
-3.76178
-6.15854
-4.26434
-4.25396
-5.47526
-5.26358
-5.70914
-5.04151
-5.60171
-5.64266
-5.25890
-4.87363
-4.77392
-4.43624
-4.71362
-4.71770
-4.30821
-3.98941
-4.28592
-3.92231
-5.21134
-5.07537
-4.97461
-4.48202
-4.77753
-4.44124
-4.27629
-3.13003
-3.20950
-5.14667
-4.82440
-5.44702
-4.91797
-3.56038
-5.21351
-4.17040
-5.96466
-3.92902
-3.53518
-5.11554
-5.05272
-4.80820
-5.00670
-4.42740
-4.69695
-5.83901
-4.82268
-4.06531
-4.50041
-6.79145
-6.27762
-4.37218
-4.19423
-4.95152
-4.08331
-4.81283
-4.23563
-4.55988
-5.02514
-5.36108
-5.01710
-5.96459
-4.86177
-4.63505
-4.91543
-5.37721
-4.69096
-4.81350
-5.31597
-6.82845
-4.17120
-4.65828
-4.45196
-5.90751
-4.79010
-5.38431
-4.72324
-5.69405
-4.72455
-3.12721
-5.27944
-4.90860
-5.37748
-4.49809
-5.13058
-5.61016
-4.72230
-4.20956
-4.72936
-3.70723
-5.35558
-4.64844
-4.80138
-4.55655
-5.53694
-6.20463
-4.78477
-5.62629
-6.12798
-5.45971
-4.42940
-4.89119
-4.88162
-5.43544
-5.10244
-4.36427
-5.04717
-3.85253
-4.74486
-5.50975
-5.85466
-5.54114
-4.50025
-4.48676
-4.62634
-5.06070
-5.92924
-4.79275
-4.91092
-4.90435
-5.04603
-5.47267
-5.42787
-5.16551
-5.71247
-7.31466
-3.49413
-3.30912
-4.81716
-4.58700
-3.39247
-4.49856
-6.07129
-5.34518
-5.28768
-4.94296
-5.43426
-4.16638
-4.40382
-4.63451
-5.65781
-5.31798
-4.79456
-4.56134
-5.74633
-5.38822
-5.32939
-4.59961
-5.90076
-5.57233
-5.42933
-6.06726
-5.25355
-4.20853
-4.30146
-4.46224
-5.65381
-5.63757
-4.98639
-4.00856
-4.87444
-6.03998
-5.19518
-4.27083
-4.06474
-5.93155
-4.94685
-5.63677
-4.84547
-4.26745
-4.67222
-6.70137
-5.46648
-5.00752
-5.17899
-5.50128
-5.12557
-5.55304
-6.52536
-5.30422
-5.04708
-5.24986
-5.65305
-6.29041
-5.28493
-5.10405
-5.35229
-4.60691
-5.66546
-5.40787
-4.33943
-4.65129
-4.92763
-6.33757
-4.68434
-3.89878
-5.62252
-3.92992
-3.33148
-5.01824
-6.07652
-5.58736
-4.81760
-5.41104
-5.81016
-5.68355
-4.53177
-4.38638
-5.22125
-4.50128
-4.99285
-5.26533
-4.40123
-5.51092
-3.70773
-4.55543
-4.63437
-5.82302
-5.04560
-5.92096
-4.20419
-4.45055
-6.29041
-3.70165
-6.32409
-4.95396
-5.09863
-4.52822
-5.05420
-6.08677
-6.60635
-5.03089
-5.40452
-6.55792
-3.61696
-4.70109
-4.70217
-5.17830
-5.35767
-4.24325
-4.60688
-6.06404
-5.01120
-4.96963
-5.58712
-4.87348
-5.32620
-5.08122
-4.26862
-5.82969
-4.40838
-4.37643
-4.45515
-4.10754
-4.33349
-5.60302
-5.30943
-4.15307
-3.80851
-6.97660
-4.67776
-6.52125
-4.68377
-6.26929
-5.75769
-4.97634
-6.54043
-5.21337
-6.46423
-6.17698
-5.03661
-4.37243
-5.46541
-5.43588
-5.57435
-4.61000
-6.37378
-6.06965
-6.59416
-6.42009
-5.36486
-6.30740
-4.71303
-5.51125
-5.00046
-5.10682
-5.64260
-4.50212
-4.30124
-4.56981
-5.66423
-4.83354
-5.32008
-4.46392
-5.16060
-4.12878
-5.14288
-4.15444
-6.02549
-6.10730
-5.33477
-5.39263
-5.94941
-5.86144
-5.13520
-6.05709
-4.99267
-4.82765
-5.91532
-5.03895
-5.10488
-5.44643
-6.90194
-5.09382
-6.48843
-5.02740
-5.61225
-3.78546
-5.32802
-4.41362
-5.16592
-5.54346
-4.46781
-5.99369
-5.79639
-5.55304
-6.10505
-5.69944
-5.32397
-4.71507
-6.53587
-5.16853
-4.96290
-5.91293
-6.53906
-5.30715
-5.59341
-5.07034
-5.34177
-7.61987
-5.13820
-6.11022
-4.88319
-4.37226
-6.38583
-5.16692
-6.74163
-5.17248
-4.63852
-5.52434
-5.28213
-5.30857
-7.04551
-3.83724
-5.25258
-4.96868
-4.82688
-4.90314
-4.86861
-4.54867
-4.90721
-5.03209
-5.89896
-4.97191
-4.84115
-4.55177
-5.32667
-5.78602
-6.06836
-5.43813
-5.28238
-6.77963
-4.74819
-6.51393
-5.00210
-5.72420
-4.84868
-5.69451
-5.04409
-5.02142
-4.97428
-4.57073
-5.11954
-4.36625
-7.21353
-6.89332
-5.21324
-5.04565
-3.38695
-5.53826
-5.63419
-5.25769
-4.92274
-4.92339
-6.13589
-4.69234
-4.59793
-4.40546
-6.55545
-4.71838
-5.44906
-4.79447
-4.82018
-5.05926
-4.18645
-4.99376
-4.51695
-5.53251
-4.95535
-6.83070
-6.28080
-5.66845
-6.22345
-6.19786
-5.58648
-5.49326
-5.68340
-5.16566
-5.89676
-5.29598
-5.15514
-4.31388
-5.35805
-5.82420
-5.89806
-5.53535
-4.96406
-4.69543
-5.75247
-5.43673
-5.98573
-6.42769
-5.96435
-6.78029
-4.20062
-4.86247
-5.95133
-6.42602
-5.35813
-5.98625
-6.08263
-6.56759
-5.49773
-6.06402
-5.28714
-5.34590
-4.63701
-4.59762
-4.02303
-4.52681
-4.60614
-4.63982
-5.58100
-6.14399
-4.46593
-5.67622
-6.18715
-5.76605
-5.16791
-5.17133
-5.20423
-3.94908
-4.37999
-4.98944
-4.51990
-4.96440
-4.91715
-5.37280
-4.80744
-5.27098
-4.41420
-6.84989
-4.37031
-4.09233
-4.45023
-5.04561
-6.94491
-6.65008
-5.73644
-5.06895
-4.75108
-4.63928
-4.65804
-4.67282
-4.81902
-5.36288
-5.07353
-4.47441
-6.24321
-5.04302
-4.78576
-4.69289
-6.05032
-5.38041
-4.56811
-4.78992
-4.70454
-5.00269
-4.47657
-4.53946
-4.48636
-4.88705
-4.86884
-4.66210
-5.10589
-4.37559
-4.77183
-4.49378
-3.70918
-4.23985
-5.54342
-5.41583
-4.47839
-4.78355
-6.49604
-5.34198
-5.48827
-4.92658
-5.63869
-5.76555
-5.91141
-4.16738
-4.13747
-4.66074
-4.98512
-4.64502
-4.83560
-5.20862
-4.95898
-4.44921
-4.57617
-3.96903
-3.65949
-5.44090
-5.90896
-5.46821
-5.92584
-5.02665
-5.12258
-5.46306
-4.01875
-3.71310
-4.68964
-4.10532
-5.33902
-4.42515
-5.23249
-4.92827
-5.41287
-5.55257
-5.49827
-5.54110
-5.58633
-5.12274
-4.88013
-4.48465
-5.42080
-5.80552
-4.59969
-5.00257
-5.83036
-4.94347
-5.52739
-5.62693
-5.16002
-4.00474
-6.49887
-6.38587
-4.61687
-6.12081
-5.00371
-6.24989
-4.53395
-4.31233
-6.69889
-4.63606
-5.91352
-6.46777
-4.99007
-5.43999
-6.65405
-6.35204
-4.48223
-4.53761
-7.44187
-4.96922
-2.81234
-4.77829
-5.05868
-6.02781
-5.24236
-4.53633
-4.86947
-4.22945
-4.40985
-4.73817
-5.79699
-5.22079
-5.09326
-4.84070
-5.83011
-4.61841
-4.06998
-5.63137
-5.26627
-5.09039
-6.09872
-5.31542
-4.37660
-6.28498
-7.04280
-4.91438
-6.12134
-6.14492
-5.09239
-5.82353
-4.95924
-5.55754
-5.55586
-5.37106
-4.85325
-6.47907
-4.24511
-3.66726
-6.22150
-4.98280
-5.07652
-4.58848
-4.45380
-4.16255
-3.86539
-4.59252
-5.07819
-4.44803
-4.87047
-5.97563
-5.05622
-5.25570
-4.69607
-4.35625
-4.77741
-5.48013
-4.78301
-4.56231
-5.42387
-4.02179
-4.39951
-4.37923
-4.25982
-4.33368
-4.80815
-3.36723
-5.42600
-5.17840
-5.42502
-6.66583
-4.77594
-6.16396
-5.10668
-5.97693
-5.86215
-6.02793
-4.51748
-5.05698
-4.93929
-3.84492
-5.39327
-5.77134
-4.20310
-5.44585
-4.15010
-5.31787
-4.89177
-4.90840
-4.90893
-5.73702
-3.98234
-4.96008
-4.86483
-4.29475
-3.49861
-4.58564
-3.97193
-4.72336
-4.52997
-5.50234
-5.20920
-4.00568
-6.21974
-6.11262
-5.58544
-5.15934
-4.47118
-6.72898
-5.51286
-5.73814
-5.61632
-5.20202
-5.64015
-6.08394
-5.44552
-5.43826
-5.32584
-5.65275
-5.00966
-4.39654
-4.43594
-5.57292
-5.37906
-5.86906
-5.65138
-5.54398
-4.29655
-4.52345
-4.44607
-4.57700
-4.20793
-5.24550
-4.50654
-4.71125
-3.63792
-4.49322
-5.25663
-5.09905
-5.41157
-4.96382
-5.79268
-5.27568
-5.35615
-4.62161
-5.67043
-4.84733
-4.90361
-4.94452
-4.18469
-3.65896
-4.71097
-4.78223
-3.92563
-5.73948
-4.93412
-5.07098
-5.38429
-4.10222
-4.24242
-4.57029
-5.00036
-4.95301
-5.21530
-5.27008
-5.21558
-3.67729
-4.06026
-5.09712
-4.92299
-5.87175
-4.86906
-4.75185
-5.18032
-5.93047
-4.74382
-3.84558
-5.25900
-5.01756
-4.54681
-4.99233
-4.50542
-3.82107
-4.15262
-5.76246
-4.87638
-4.79770
-5.10601
-4.94420
-5.28983
-4.61561
-5.09478
-5.57435
-5.56670
-5.36037
-6.57604
-6.65266
-6.65101
-4.83138
-4.37576
-5.01868
-5.05932
-4.41059
-4.57521
-5.31757
-5.79612
-4.47554
-5.54893
-5.77269
-4.51602
-6.23004
-5.32768
-6.78506
-4.98061
-4.29441
-3.93077
-5.37017
-4.15738
-5.33282
-5.97043
-5.55506
-5.94290
-5.96160
-6.04473
-6.38200
-5.84987
-4.97049
-5.16677
-5.28140
-5.51693
-4.73976
-4.75656
-5.39079
-6.18957
-5.71117
-5.18069
-5.55827
-6.16303
-4.84062
-3.97319
-5.22876
-5.69191
-5.31081
-5.81498
-4.65427
-4.49497
-5.72776
-5.80894
-5.69411
-5.67716
-7.79553
-5.39333
-4.54968
-5.51419
-5.66777
-5.61684
-4.73209
-6.16723
-4.60363
-4.36344
-4.81032
-5.92660
-3.93803
-4.94363
-4.87260
-4.85706
-6.40472
-6.95069
-5.68499
-5.04811
-5.17776
-4.68374
-6.48281
-5.98216
-5.32445
-4.53296
-5.56547
-5.45546
-5.85963
-4.98488
-4.94433
-4.88975
-4.75870
-5.39958
-5.26141
-4.27844
-4.93597
-4.41202
-4.36181
-3.90185
-4.69676
-5.01594
-4.14896
-3.82870
-4.65964
-4.14173
-4.45237
-5.78394
-4.95234
-4.04923
-5.01777
-4.38908
-4.89740
-4.58174
-4.48136
-4.35295
-3.39639
-5.24936
-5.18541
-4.97919
-5.19483
-4.59491
-4.50903
-4.90442
-4.15081
-5.17753
-4.55029
-4.96855
-5.35665
-6.20558
-6.15542
-5.80265
-6.33291
-5.58038
-6.12500
-5.63490
-5.35256
-5.38558
-5.22868
-5.74725
-4.89745
-4.23788
-4.14613
-4.71511
-6.36191
-7.52677
-6.88172
-7.25124
-6.29301
-7.22517
-4.76255
-4.84288
-5.28756
-5.79056
-3.96231
-5.07167
-6.09906
-6.12279
-5.93818
-5.59040
-5.86310
-4.37022
-4.86467
-5.00114
-6.08188
-5.93275
-4.85338
-6.02056
-6.22445
-5.54657
-5.63007
-5.44126
-6.32535
-5.78025
-5.95784
-5.65487
-5.55458
-5.46430
-3.95532
-4.15777
-4.72786
-4.43640
-5.55116
-5.79557
-5.46033
-5.04563
-5.36372
-5.64919
-5.30523
-5.38094
-4.51767
-6.16596
-5.18274
-5.79603
-5.72286
-6.67851
-6.29768
-6.12763
-5.78995
-3.99237
-5.47052
-4.94489
-6.21564
-5.34805
-5.05160
-4.26489
-5.14236
-5.00054
-4.90133
-4.22556
-4.90677
-6.71803
-4.42466
-5.02577
-4.78476
-5.92046
-5.86368
-4.83700
-4.43082
-5.51027
-5.03003
-4.99969
-4.94310
-7.13326
-5.31844
-4.92330
-3.76593
-4.22499
-5.54770
-4.82907
-4.25690
-4.67638
-3.91061
-4.44355
-5.53723
-5.22451
-4.93288
-5.58278
-3.71313
-5.40356
-4.29273
-5.93580
-6.24577
-6.85485
-5.51611
-5.56306
-5.28299
-4.74203
-5.50630
-4.76509
-5.64734
-5.12921
-4.73080
-4.90421
-4.43763
-5.13236
-5.89536
-5.60520
-4.85281
-4.71191
-5.05362
-4.95872
-4.82607
-4.22348
-4.94579
-5.13306
-5.12325
-7.02582
-5.15725
-5.83314
-4.54642
-5.26632
-4.44978
-3.73868
-4.27709
-4.43970
-5.57355
-4.66409
-4.29282
-4.22406
-4.03293
-5.21119
-4.89162
-5.89181
-6.23849
-5.25287
-3.97541
-5.66441
-5.99119
-5.07923
-4.93180
-4.88674
-5.39961
-3.70936
-4.38132
-4.56613
-5.01752
-5.47136
-4.50524
-4.03678
-6.40235
-4.82725
-4.92961
-5.59088
-5.00681
-6.54029
-4.52865
-5.81705
-6.00839
-5.44342
-5.33266
-5.90561
-6.28195
-5.87123
-5.76849
-6.10784
-3.90406
-3.55488
-4.70229
-5.00766
-4.86593
-4.57650
-5.91094
-4.17703
-4.79312
-6.81019
-5.41940
-4.62587
-4.17841
-4.51019
-4.55861
-4.70082
-4.81261
-4.29177
-5.06763
-5.11000
-5.26612
-4.72065
-4.95365
-4.35277
-4.95699
-4.05562
-4.53672
-4.08419
-3.70823
-3.66662
-3.99684
-4.37135
-4.52073
-4.81697
-4.49913
-4.85049
-4.31038
-4.63098
-6.07907
-5.43668
-5.08306
-6.31828
-6.27505
-3.97989
-3.79065
-4.17862
-4.26055
-3.86250
-5.45988
-4.07785
-4.15458
-4.35583
-5.05498
-5.01181
-4.18184
-4.66316
-5.05880
-5.20900
-4.98318
-5.91519
-4.20585
-5.40304
-5.74313
-5.60540
-5.10638
-5.43111
-5.76937
-4.85393
-6.53598
-5.17113
-5.63586
-4.49172
-4.81363
-5.69782
-5.86514
-5.63722
-5.57769
-6.20649
-5.92958
-4.32632
-6.28896
-5.86367
-6.21869
-6.01769
-5.03827
-4.87772
-4.97859
-4.66293
-5.82834
-4.45406
-4.50597
-5.25163
-5.61958
-5.85225
-5.81861
-5.53225
-6.22287
-6.65025
-6.31963
-5.72550
-6.26245
-5.76013
-5.37591
-7.14623
-7.25452
-5.52734
-5.11091
-5.29749
-5.80332
-6.57681
-5.77706
-5.38537
-6.56246
-6.17459
-6.22670
-5.91859
-5.98911
-5.90791
-5.29537
-6.19506
-5.79488
-5.88202
-6.45876
-5.22125
-5.70807
-5.61212
-6.41436
-6.21107
-5.72899
-5.26611
-5.13413
-5.87759
-6.56595
-6.15907
-6.56316
-4.98415
-5.68923
-6.00602
-5.96870
-6.12443
-7.00815
-5.86885
-6.00160
-5.63350
-6.29166
-6.57548
-5.77522
-5.38394
-4.20131
-4.68517
-4.95074
-5.98023
-5.38939
-6.08254
-3.61735
-5.37622
-5.87384
-4.90671
-5.14608
-5.30552
-5.18081
-5.00627
-4.69202
-4.96604
-5.02422
-5.75909
-5.69091
-6.00120
-4.96584
-5.80226
-5.07828
-4.37361
-4.72070
-4.57229
-5.42513
-5.98680
-6.51032
-4.70053
-5.43669
-4.25538
-4.84720
-4.95846
-4.62256
-4.51047
-5.43266
-5.08303
-4.95639
-5.52692
-5.22815
-4.92753
-4.34125
-4.05057
-3.53130
-4.87186
-5.43808
-5.28919
-6.82447
-4.57984
-5.39174
-5.35053
-5.50862
-4.58174
-7.37262
-6.33979
-6.34947
-6.84026
-7.88824
-7.27469
-5.44456
-5.54557
-5.88823
-4.98090
-5.60418
-7.54040
-7.69118
-6.51811
-4.86287
-7.02676
-4.96284
-5.57876
-4.99516
-6.73890
-8.14599
-8.11984
-5.34577
-5.89277
-6.24883
-5.41504
-4.31853
-5.24727
-5.82374
-4.93413
-4.98438
-6.10517
-4.32420
-5.88692
-6.35459
-4.24606
-4.26805
-3.88555
-6.71520
-5.19187
-4.42198
-5.40672
-3.84147
-4.29814
-4.09943
-4.99148
-4.71396
-5.97569
-4.46416
-4.13762
-5.00568
-5.96983
-5.40638
-5.12471
-6.15375
-4.43024
-5.11327
-5.07843
-4.65923
-5.52282
-4.82323
-5.35864
-5.57839
-4.74938
-5.19559
-3.97248
-5.40327
-4.76051
-4.83438
-4.55212
-3.62239
-4.73002
-4.38367
-4.45739
-5.19266
-4.70081
-3.78723
-4.07025
-4.02094
-4.68783
-4.53139
-5.15398
-4.64465
-5.76733
-5.08943
-5.08345
-4.45658
-5.15007
-5.66876
-5.82227
-5.50251
-6.48379
-6.34876
-5.60748
-6.37881
-6.58503
-4.07182
-5.02345
-4.84110
-5.47364
-4.45207
-4.28970
-4.73732
-5.53828
-4.02982
-3.70502
-5.99852
-4.41051
-5.36632
-5.13535
-5.33776
-5.80539
-4.75678
-4.76357
-6.01692
-4.94746
-4.60993
-4.38275
-5.73670
-5.10573
-5.07753
-3.44470
-5.80048
-5.00034
-5.16293
-4.22898
-6.67717
-5.76891
-5.74793
-4.07368
-5.51246
-6.48253
-6.58878
-4.98794
-5.07109
-6.29112
-4.52172
-4.50463
-5.15238
-4.53970
-5.71678
-6.02288
-5.63656
-6.57373
-4.99316
-5.19386
-6.11857
-5.93168
-5.79357
-5.17622
-5.74752
-5.89431
-4.43536
-4.83189
-4.95119
-6.59176
-6.19198
-6.04647
-4.78584
-4.60887
-6.01544
-6.18819
-5.99110
-5.89377
-6.66850
-6.92631
-5.50415
-6.43002
-5.93117
-5.25168
-4.40773
-6.06628
-3.55139
-3.73021
-5.82095
-5.44087
-5.35551
-5.76870
-5.31113
-4.72480
-5.30783
-5.75606
-5.15607
-5.01808
-5.43364
-5.53763
-6.63418
-6.81321
-4.98538
-5.13669
-4.80847
-4.88780
-4.25634
-4.89813
-4.80359
-5.17795
-6.16705
-5.18090
-5.74736
-6.25126
-5.99131
-5.20450
-4.97247
-4.87505
-6.09915
-5.67850
-6.03099
-5.53921
-5.63791
-5.66270
-5.78300
-5.21609
-5.28853
-5.34705
-5.07193
-6.07351
-5.19885
-6.04064
-6.08586
-5.90933
-5.66895
-5.50789
-5.53813
-5.78113
-6.07158
-5.61621
-6.32510
-5.64620
-4.94213
-5.46546
-5.60274
-6.08104
-5.57000
-5.66320
-5.73601
-6.36115
-6.79957
-6.46740
-6.24368
-6.24284
-5.54727
-5.94555
-6.40227
-5.44645
-4.98780
-5.57245
-5.26042
-5.03051
-5.21763
-4.83376
-5.17602
-4.25347
-5.34778
-4.79978
-5.26402
-5.00028
-5.16363
-5.40269
-4.36605
-4.19044
-6.50758
-4.23717
-5.10899
-5.84164
-4.88000
-4.49156
-4.08524
-5.76437
-4.20717
-6.25532
-4.74130
-4.89551
-4.81579
-5.10195
-5.25718
-4.63769
-4.97351
-4.74104
-6.00350
-6.34649
-6.97053
-5.61559
-5.71753
-4.95469
-5.16560
-4.34065
-4.94107
-5.17293
-5.00334
-4.68074
-4.84380
-4.68983
-4.68265
-3.88354
-3.94257
-4.05758
-3.90316
-4.43877
-4.30150
-4.99846
-6.65279
-6.27031
-7.37048
-6.49754
-6.18420
-5.51788
-4.77746
-4.59589
-5.19154
-7.01210
-5.55885
-6.24722
-5.04063
-6.14860
-5.31711
-6.05548
-5.50391
-6.53130
-6.41848
-5.97287
-6.36765
-5.29666
-4.74837
-4.83679
-5.19810
-5.60820
-4.98963
-4.84662
-4.85907
-4.73938
-4.74292
-5.65860
-3.62628
-4.99718
-4.53952
-6.08475
-5.92577
-6.03774
-5.89932
-6.24628
-4.89593
-4.54915
-5.51773
-4.20218
-4.31454
-4.54170
-4.83441
-4.63387
-4.71514
-5.65412
-5.32893
-5.81511
-5.49454
-5.27505
-6.00644
-4.60817
-6.09087
-6.44109
-6.85886
-5.44961
-5.72543
-6.73416
-6.45827
-5.85639
-4.53926
-4.76525
-5.03844
-6.24164
-5.70810
-5.85827
-5.36446
-6.50955
-5.98848
-5.79224
-5.57577
-5.64032
-5.45297
-5.04169
-4.34312
-4.94373
-4.59860
-4.47944
-6.42022
-4.93297
-6.76830
-5.13507
-5.91609
-5.47490
-5.19394
-5.10154
-5.45914
-5.89276
-4.94386
-5.91900
-6.36227
-5.72772
-5.73038
-5.44124
-4.12057
-5.44797
-4.90317
-3.68523
-4.62644
-4.95645
-5.64251
-4.73636
-4.73142
-4.39141
-4.86174
-5.75377
-4.73003
-4.80186
-5.38612
-5.41068
-5.31507
-4.69030
-4.63682
-4.56011
-5.64745
-5.68648
-5.01741
-5.61679
-5.57501
-5.95215
-5.04260
-5.12139
-4.66812
-5.64759
-5.60790
-4.51888
-4.70733
-6.23577
-5.39260
-5.98239
-4.47707
-4.66485
-5.80168
-6.43455
-5.44137
-5.52253
-5.86031
-5.96476
-5.68583
-4.19354
-4.92110
-5.98665
-5.38334
-5.23876
-4.64590
-5.24347
-4.55931
-4.90258
-5.18562
-5.35101
-5.11245
-5.37940
-5.14942
-5.25056
-5.88941
-5.61067
-5.42338
-5.91078
-5.26728
-6.02231
-6.04193
-6.55053
-6.14834
-5.93319
-6.14582
-6.20647
-6.12983
-4.69961
-4.92202
-4.34881
-4.74035
-4.81010
-4.97628
-3.98840
-4.43523
-4.58705
-4.06387
-4.64190
-4.01950
-4.73792
-4.59789
-4.56103
-4.54302
-4.82097
-4.90111
-4.13948
-5.36903
-4.74063
-5.21263
-4.37915
-3.88955
-4.50817
-4.83674
-4.62799
-4.06232
-4.52461
-4.59383
-3.99225
-4.35290
-5.25228
-4.53536
-5.61385
-4.71220
-3.63399
-4.08495
-5.31257
-4.28968
-5.14774
-5.76945
-6.29673
-5.45544
-4.56637
-3.72446
-4.11899
-4.18863
-4.59367
-5.35745
-4.02512
-4.19471
-4.20493
-5.51078
-5.69861
-4.90255
-5.03236
-5.14815
-5.39428
-5.86507
-4.94286
-4.96662
-5.47709
-6.35476
-6.06200
-4.99828
-5.43881
-5.26027
-5.42722
-4.82860
-4.34148
-3.69935
-6.41181
-4.25358
-5.00982
-4.67961
-4.63219
-4.19649
-4.97407
-4.41828
-4.78191
-4.34057
-6.15300
-5.85545
-6.31783
-5.40859
-5.92718
-5.60917
-5.04599
-4.15921
-5.23835
-5.19539
-5.18221
-4.94690
-6.24637
-5.21530
-6.37499
-5.88232
-6.32918
-4.25698
-4.03450
-4.40101
-5.72236
-6.84372
-5.73870
-6.06533
-5.63151
-5.91899
-6.28229
-6.52973
-5.44961
-5.21828
-4.08291
-4.94244
-4.76917
-5.01429
-4.75652
-5.50630
-5.76170
-4.76031
-4.52355
-5.48859
-4.70885
-4.91448
-5.85653
-4.96397
-5.29104
-4.74108
-5.92380
-5.04274
-4.62111
-4.67936
-5.11200
-4.99694
-5.52327
-5.72185
-4.34522
-5.06682
-5.63572
-5.49490
-5.16245
-4.34992
-5.49009
-5.28544
-6.63091
-5.85496
-4.91011
-5.27034
-5.23288
-3.91404
-4.00092
-5.21564
-5.24002
-4.59271
-5.06249
-4.80850
-5.84887
-5.14017
-5.08963
-5.90148
-5.81387
-5.55287
-7.06772
-6.63745
-7.22516
-4.63082
-5.62108
-5.32519
-6.06890
-4.66822
-6.07930
-6.36104
-6.32817
-6.12481
-5.58187
-4.41028
-4.63358
-4.74399
-5.51621
-5.26059
-5.43773
-7.04367
-6.71512
-4.94416
-5.10936
-4.69369
-4.67332
-5.60663
-4.87699
-5.04948
-4.23125
-6.57828
-6.41522
-7.10267
-5.00488
-4.94355
-5.36731
-5.27414
-5.62157
-5.03953
-5.23990
-4.89932
-5.52122
-4.83774
-4.73635
-4.61315
-6.38623
-5.84334
-4.12966
-4.60144
-4.03554
-5.38834
-4.24551
-4.41016
-4.45514
-4.13677
-6.04978
-5.47316
-5.38347
-5.89753
-5.11175
-5.17375
-4.62287
-3.88055
-3.91609
-4.54005
-5.02873
-4.29630
-4.18275
-5.11566
-5.05953
-4.09099
-3.76543
-3.86852
-4.14431
-4.33473
-3.23743
-4.60438
-4.50442
-3.42051
-4.70573
-4.58561
-4.47152
-7.41130
-7.16172
-5.54550
-5.50443
-3.45679
-4.69462
-3.27148
-3.84301
-3.75504
-4.54983
-4.75107
-4.37070
-3.43912
-3.70961
-4.18059
-3.09580
-3.26971
-3.71514
-5.85303
-6.26614
-6.32323
-5.11880
-5.66701
-4.42734
-3.95307
-3.96547
-4.03317
-5.28209
-4.28937
-5.05477
-4.46884
-4.57250
-4.49335
-5.83511
-5.00041
-4.07917
-4.67916
-4.61798
-5.03323
-5.50595
-5.69134
-4.93258
-4.64377
-5.29649
-4.63112
-4.76537
-5.00767
-5.60074
-4.60519
-4.88039
-5.45538
-5.46972
-5.22892
-5.06763
-4.90317
-6.75102
-5.18959
-4.66583
-4.20846
-4.90893
-4.35258
-4.58957
-4.34405
-6.37863
-6.43211
-5.00816
-6.49838
-4.36884
-5.01137
-5.14246
-5.78858
-4.73956
-4.69416
-5.91985
-6.27958
-6.38755
-6.00634
-5.84870
-4.77210
-5.79892
-6.03385
-5.53343
-5.72658
-5.48922
-4.66613
-5.13404
-3.81184
-3.78652
-3.78565
-3.84245
-5.28500
-4.74491
-4.73174
-4.00794
-4.10799
-6.32821
-5.69678
-4.13614
-4.56122
-4.88873
-4.05489
-5.45241
-5.07815
-6.07914
-5.63638
-5.86260
-4.85194
-4.27722
-4.65343
-6.14765
-4.41387
-4.61485
-5.34149
-5.44282
-4.31463
-4.73432
-4.63226
-5.23945
-4.84559
-4.50775
-5.27033
-5.68043
-6.03783
-5.74529
-5.77017
-5.76586
-5.21560
-4.80782
-4.93669
-4.79578
-5.81484
-4.65681
-4.73937
-5.23946
-4.54458
-5.17372
-4.72747
-6.06850
-5.28629
-4.92510
-4.97763
-4.18199
-4.95339
-4.39870
-4.57367
-4.79307
-4.85975
-4.76545
-4.50557
-4.69114
-5.42752
-5.97459
-5.08840
-4.71293
-5.00789
-5.15981
-5.85625
-4.74832
-7.02506
-4.25990
-5.22986
-5.22570
-5.43041
-5.96011
-5.90185
-4.42843
-5.05532
-5.27359
-4.31422
-5.04863
-4.97206
-5.81415
-5.43539
-5.25627
-5.45309
-5.12556
-5.08536
-5.12631
-6.35960
-4.31627
-4.92501
-5.11658
-5.35675
-4.82003
-5.65155
-4.97620
-4.48754
-4.54339
-4.31059
-5.21626
-4.34377
-4.52842
-5.51330
-6.29110
-4.55350
-5.61288
-5.71058
-4.91375
-4.54191
-4.27438
-6.27450
-4.67144
-4.28325
-4.40471
-5.00157
-4.16579
-3.91346
-3.89230
-4.56257
-4.00964
-5.15402
-4.90180
-4.41568
-3.92217
-4.92842
-5.49897
-4.94866
-5.76113
-4.36288
-4.32542
-5.42935
-4.03040
-5.67428
-5.52452
-5.73916
-5.18840
-5.82165
-5.07802
-4.97636
-4.77494
-4.98096
-4.72122
-3.66101
-4.50429
-5.09740
-6.29725
-5.75464
-5.33556
-5.12460
-5.45890
-5.76595
-4.94794
-4.56196
-3.87577
-4.36463
-4.94280
-4.51450
-4.57521
-5.51130
-4.62165
-4.37833
-4.40110
-4.97000
-4.80086
-5.42809
-6.74394
-3.47148
-3.96906
-3.90141
-5.30969
-4.43968
-4.53994
-3.55878
-5.25569
-4.79301
-4.40001
-6.03585
-5.30085
-4.66982
-5.74029
-5.09073
-3.40459
-3.56524
-6.24513
-6.07878
-5.81243
-5.02547
-5.12161
-6.26842
-6.06105
-4.27251
-4.90843
-5.63354
-5.56398
-4.32525
-4.91593
-5.41728
-6.58894
-5.85572
-5.42465
-5.21107
-4.56055
-4.85644
-5.83346
-5.34286
-5.41659
-5.27960
-5.79575
-7.03370
-6.39464
-5.56295
-4.12403
-4.80763
-6.06092
-4.61368
-4.92344
-5.29546
-5.10810
-6.04291
-4.80007
-5.73972
-5.92962
-5.94014
-5.68187
-5.14805
-5.05836
-4.94922
-5.74835
-5.45704
-5.07500
-6.29318
-5.66703
-5.91951
-3.74053
-6.01650
-5.77399
-4.96641
-5.62131
-6.41471
-5.26669
-5.22715
-5.54709
-5.56341
-5.82665
-6.73222
-6.65309
-5.89898
-5.46503
-5.83667
-5.22049
-5.52990
-5.26950
-6.60125
-6.79786
-4.92866
-6.00698
-5.87755
-5.95114
-6.62457
-5.35710
-4.74703
-4.74482
-5.08148
-5.48904
-4.21663
-4.77328
-6.10574
-5.38678
-4.95448
-5.93147
-6.70970
-6.19456
-4.74478
-4.65819
-4.70732
-6.46854
-6.16172
-4.78499
-5.22873
-4.08073
-5.87667
-4.72503
-4.85195
-6.11317
-6.60015
-5.73278
-5.56339
-4.40630
-6.78733
-5.95198
-6.53249
-5.44490
-4.66107
-5.62542
-6.56330
-4.98941
-6.00838
-4.88528
-4.69856
-6.19506
-5.78868
-5.51752
-5.37815
-4.69064
-4.35628
-5.44454
-4.29637
-6.01538
-5.47543
-4.48534
-4.25129
-5.62005
-5.43301
-3.97341
-5.75538
-4.64773
-6.42233
-4.58644
-4.24350
-4.14808
-4.52589
-3.10730
-4.93556
-4.23771
-5.27331
-6.15437
-4.49486
-5.51577
-3.37408
-4.57902
-6.35562
-4.96192
-5.79617
-3.76900
-6.42564
-6.35679
-4.69463
-5.49279
-5.46183
-3.99743
-4.55189
-5.57225
-6.06354
-5.30907
-4.95073
-4.40937
-4.76231
-4.78874
-5.72891
-4.63749
-5.19799
-6.35151
-4.73533
-4.56496
-4.92998
-5.94546
-6.01518
-3.94530
-4.88054
-5.63142
-5.87785
-4.95857
-4.23472
-5.05257
-5.89390
-5.26711
-5.29350
-5.27864
-5.46048
-7.38395
-5.81109
-6.19645
-6.29432
-5.28568
-4.88180
-4.94342
-5.32478
-4.95112
-6.28369
-4.56725
-5.04506
-6.42435
-5.87047
-3.88374
-3.38898
-3.70670
-5.25158
-5.08441
-3.83009
-5.27869
-6.38378
-4.78695
-3.25664
-5.02916
-4.13344
-6.18310
-5.65234
-7.27028
-4.23371
-4.70264
-6.24564
-4.19661
-5.29502
-3.57715
-5.91222
-6.77092
-5.74336
-4.96681
-6.58154
-6.07765
-5.45147
-5.90338
-6.11811
-6.33625
-6.38963
-4.83355
-5.54959
-6.23129
-5.90666
-4.33368
-7.39203
-5.95402
-5.75753
-2.75068
-5.36081
-3.58071
-4.47529
-5.88663
-5.81694
-2.63705
-6.09448
-6.00338
-6.99571
-6.69156
-6.04333
-6.97375
-6.59641
-6.63734
-5.76485
-5.34755
-6.36667
-6.53097
-5.11163
-6.61271
-6.71074
-6.40208
-6.97505
-5.74398
-7.15474
-5.95762
-6.71045
-6.23770
-6.08405
-5.91620
-5.62027
-3.99632
-6.20320
